1.0 0.78576005 -0.1558018 -0.19637041 -0.08297997 0.67331856 0.6540957 0.5793147 -0.20333613 -0.21165805 0.04028623 0.17489567 0.048862543 0.3362971 0.09757348 0.3790715 0.38441074 0.5234162 0.49138904 0.44699425 0.44796997 0.19820942 0.21242969 0.2932713 0.4336753 0.54330933 0.23233323 0.01392444 -0.15961206 -0.25140104 -0.2663524 NaN NaN NaN NaN NaN NaN 0.4498858 0.6441794 0.55865514 0.52841544 0.5812281 0.5935771 0.57258147 0.48071393 0.4681907 0.3551425 0.16484419 0.024771048 -0.30782846 -0.35510713 0.19056591 -0.22635733 0.20753615 -0.2383364 -0.37487304 -0.35255283 -0.34258294 -0.06732589 0.30465412 -0.17893589 -0.3634728 -0.20003027 -0.33246353 0.10520545 0.45808524 0.5119725 0.5824857 0.5594735 0.02777043 -0.15837628 -0.32958567 -0.34088504 -0.3643085 -0.011417609 -0.29192093 0.047538806 0.07896042 -0.23905787 -0.17445113 -0.34676507 -0.35071403 -0.31968474 -0.35279256 -0.031923756 0.0135738 0.4850683 0.5209568 0.13061085 -0.0311719 -0.03410025 0.12353091 0.46308765 0.40737456 0.28478128 0.056831792 -0.09057194 -0.07767867 -0.32529497 -0.34481412 -0.3514976 -0.33232656 -0.3411716 -0.15177904 -0.10077532 0.13635078 0.2603341 0.27692333 0.21528131 -0.14324784 0.29397553 0.28666914 0.275022 0.2835503 0.28572994 -0.15828042 -0.50776434 -0.49083582 -0.10334193 0.120967455 -0.069409356 -0.0033566882 -0.10691667 -0.39268118 -0.39127618 -0.40090227 -0.40921134 -0.40754816 -0.428742 -0.40055308 0.12419263 0.054144453 0.08268334 -0.43567994 -0.27164754 0.057272084 -0.42652595 -0.46746016 -0.45501179 -0.43233323 -0.4337249 -0.5161773 -0.019559855 -0.23356627 -0.022683585 0.03408195 -0.2894521 -0.5185125 0.0612943 -0.0049496554 -0.45711768 -0.4570978 -0.4251764 -0.38284042 0.09905237 0.034744564 -0.073281966 
0.78576005 1.0 0.073472135 0.015158841 0.26207137 0.60319936 0.628854 0.6345971 0.033531457 -0.04778888 0.3471442 0.4193824 0.29780668 0.45823768 0.29907724 0.40401322 0.42678815 0.35228318 0.2676054 0.26447883 0.3352281 0.20373566 0.1777865 0.26593772 0.31692895 0.3500257 0.30378976 0.09605681 -0.12851873 -0.26125684 -0.2717674 NaN NaN NaN NaN NaN NaN 0.49450877 0.4885902 0.32879058 0.2991799 0.33524665 0.34420544 0.34743986 0.31752965 0.317225 0.2241214 0.2414793 0.19145846 -0.24170625 -0.3002942 0.13555023 -0.26452488 0.12750317 -0.27764544 -0.4085797 -0.34665874 -0.29974097 0.08746232 0.41533986 -0.049026486 -0.27649423 -0.07528797 -0.22582106 0.1899223 0.43177202 0.48952997 0.4538155 0.41455472 0.17148289 -0.05723972 -0.29830492 -0.3211323 -0.35430494 -0.029321734 -0.31294844 -0.041543752 -0.0025853715 -0.21021725 -0.0446015 -0.30193767 -0.29896548 -0.20629847 -0.26166865 0.1265716 0.16526818 0.42405447 0.49247319 0.35825875 0.20670566 0.2100461 0.30077857 0.2893898 0.21309687 0.36294058 0.2258885 0.13701548 0.04758309 -0.28377667 -0.30264497 -0.30757362 -0.3285659 -0.31328687 -0.029673627 -0.15863213 0.015713578 0.071910694 0.081621654 0.10005058 -0.04603989 0.17365171 0.0710951 0.06772003 0.0885969 0.14245205 -0.10345386 -0.41090846 -0.41336933 -0.03532203 0.068082914 -0.001431006 0.09103682 -0.0114069795 -0.2942231 -0.3379759 -0.38154998 -0.3876572 -0.38984758 -0.42519942 -0.41898632 -0.031818517 -0.10791062 -0.0373479 -0.4328843 -0.30844796 -0.014445128 -0.3392204 -0.41553178 -0.42075047 -0.40317544 -0.36834466 -0.43235958 -0.07035578 -0.15763311 0.05452106 0.0060551353 -0.17932884 -0.40383038 0.05646047 0.07364649 -0.35291356 -0.3711714 -0.28256044 -0.19877443 0.042018384 -0.03305856 -0.20732288 
-0.1558018 0.073472135 1.0 0.97472817 0.7070224 -0.49398187 -0.43291327 -0.38948613 0.76360154 0.8065648 0.40182668 9.3526114E-4 0.016285721 -0.3705948 0.08149939 -0.41380134 -0.40221733 -0.56138444 -0.53565747 -0.5328 -0.47535893 -0.3044009 -0.34417313 -0.3682795 -0.54477364 -0.59349215 -0.27910453 0.11018244 0.3252695 0.46839604 0.47477055 NaN NaN NaN NaN NaN NaN 0.09751112 -0.6005789 -0.5741764 -0.5744615 -0.5422009 -0.53365207 -0.567947 -0.58615506 -0.6321638 -0.49556592 -0.2059802 0.15983704 0.70345056 0.49962172 -0.31485942 0.23584794 -0.39651492 0.044506792 0.44406262 0.6260066 0.56695145 0.12413818 -0.33799616 0.28152695 0.34551856 0.12770616 0.27911323 -0.31396803 -0.5416984 -0.46644932 -0.6702157 -0.6846043 0.17920706 0.5658414 0.66405064 0.56610525 0.35019773 -0.18620676 0.025656605 -0.5208702 -0.43239504 0.10275081 0.26228476 0.68809676 0.66790354 0.32915744 0.26015347 -0.15903062 -0.3179681 -0.69303334 -0.6756258 0.08877014 0.41028884 0.3788792 -0.117816985 -0.6971893 -0.66307884 -0.4955623 -0.057998177 0.24313815 0.4184878 0.72953653 0.6794226 0.64992416 0.63395196 0.6679589 0.10535721 -0.5000028 -0.6330885 -0.6213887 -0.6381553 -0.5964135 -0.3549307 -0.68904406 -0.5878987 -0.5851575 -0.60527164 -0.688014 -0.52579904 0.29307497 0.60388154 -0.47243005 -0.7095862 -0.48302102 -0.4714646 -0.43208742 0.43041593 0.6255305 0.57154083 0.5556316 0.5734173 0.5782018 0.22652009 -0.6454519 -0.62940705 -0.5578839 -0.0807235 -0.43765038 -0.6585021 0.30879366 0.57171226 0.5809488 0.60907745 0.620558 0.36335045 -0.6515214 -0.2678195 -0.4678165 -0.65282184 -0.31179863 0.36968663 -0.64221364 -0.48347068 0.5926661 0.61696476 0.5907944 0.17157422 -0.58313066 -0.4522427 -0.23843741 
-0.19637041 0.015158841 0.97472817 1.0 0.7042161 -0.48177335 -0.42010993 -0.37811998 0.7722074 0.8159008 0.38096198 -0.004822582 0.019409746 -0.36201978 0.07353716 -0.4022309 -0.39867133 -0.5406225 -0.5095215 -0.500463 -0.4627882 -0.2958167 -0.3332588 -0.37462547 -0.542812 -0.58616805 -0.33878812 0.041146282 0.27139205 0.4363131 0.45709836 NaN NaN NaN NaN NaN NaN 0.027791476 -0.61637646 -0.5721661 -0.55773956 -0.5206114 -0.5160995 -0.5517777 -0.5778603 -0.61779225 -0.48673698 -0.23674424 0.09953773 0.69611746 0.51132816 -0.29337862 0.27902666 -0.36395797 0.09222201 0.48181468 0.64059865 0.56420815 0.06348887 -0.399622 0.2280535 0.34867272 0.10041387 0.26606634 -0.34058017 -0.5585248 -0.5201121 -0.67595094 -0.6887897 0.11855368 0.51661295 0.65984654 0.57222 0.3752435 -0.19272073 0.05105 -0.494934 -0.42219448 0.087590605 0.21556614 0.6853044 0.66740096 0.31339014 0.2553417 -0.19861083 -0.35154802 -0.7027026 -0.6969752 -0.0064544445 0.31211764 0.2826329 -0.18327099 -0.6796446 -0.6335119 -0.537414 -0.123638965 0.16909304 0.36630508 0.7095431 0.6727766 0.6483321 0.65277296 0.6729782 0.08531148 -0.45984843 -0.61628485 -0.58923316 -0.6076294 -0.58273137 -0.38872752 -0.6836609 -0.55893016 -0.5584563 -0.5867078 -0.6737834 -0.52523 0.29713523 0.59974253 -0.48653394 -0.7104266 -0.5141198 -0.5021489 -0.46829495 0.41457087 0.62698185 0.5832023 0.5645164 0.5778527 0.5880098 0.24886309 -0.6157276 -0.5899744 -0.51886755 -0.036366288 -0.41522244 -0.6539001 0.28967088 0.5645035 0.58826137 0.61368704 0.60664654 0.35350123 -0.64766616 -0.28763372 -0.47425202 -0.635174 -0.30681375 0.39511544 -0.616976 -0.4944061 0.6208184 0.65489143 0.61041874 0.17320739 -0.572883 -0.43467835 -0.16829166 
-0.08297997 0.26207137 0.7070224 0.7042161 1.0 -0.2313615 -0.19061175 -0.08119208 0.77156615 0.63223517 0.7214348 0.51093626 0.51616657 0.05974516 0.41219813 -0.11257009 -0.09527821 -0.49485087 -0.5531246 -0.49913466 -0.32242152 -0.0960347 -0.1439674 -0.16853274 -0.42115587 -0.5752535 -0.073357046 0.09628032 0.14112806 0.14632478 0.15331842 NaN NaN NaN NaN NaN NaN 0.23942766 -0.43029666 -0.49800462 -0.55806863 -0.54514974 -0.5401558 -0.55502343 -0.48760563 -0.5492085 -0.3996129 0.052809577 0.33019736 0.4083962 0.34083125 -0.2570102 0.112249315 -0.3800962 -0.08278585 0.1656167 0.26284674 0.301443 0.25671992 -0.08573626 0.37044877 0.31870845 0.2435406 0.33413416 -0.041199464 -0.36778432 -0.23868623 -0.55273134 -0.5430389 0.36073464 0.42422792 0.35689926 0.32703674 0.22500257 -0.13916427 0.049747556 -0.39718962 -0.33469483 0.14895928 0.2240799 0.3341241 0.33960035 0.2942402 0.33057293 0.21893044 0.0789901 -0.4671632 -0.42561743 0.38007218 0.45149747 0.4587313 0.2702087 -0.61189395 -0.6254565 -0.1035456 0.2911418 0.39154378 0.2565223 0.36282864 0.37655666 0.35682607 0.3043731 0.3443167 0.18624248 -0.30441377 -0.47776186 -0.6110304 -0.6271529 -0.50208366 0.07595253 -0.52181005 -0.5855252 -0.585142 -0.5745758 -0.60763896 -0.19210416 0.3225987 0.38926062 -0.17731042 -0.47133723 -0.11107053 -0.0673291 -0.09957311 0.3090696 0.3495747 0.31362638 0.30484626 0.33235976 0.32757643 0.15011916 -0.59499055 -0.63855916 -0.5505611 0.038605038 -0.26670256 -0.5130598 0.17000197 0.32414702 0.27958444 0.27186403 0.32355145 0.26135686 -0.45105377 0.036371272 -0.15541334 -0.37999868 -0.003377799 0.37591404 -0.4164603 -0.1935219 0.4419848 0.40135944 0.4573375 0.32463437 -0.43431717 -0.35468322 -0.22965443 
0.67331856 0.60319936 -0.49398187 -0.48177335 -0.2313615 1.0 0.9508109 0.9165291 -0.3844251 -0.4413381 0.06412823 0.37819135 0.25437024 0.69639933 0.28088495 0.7202271 0.6629092 0.82129306 0.77957124 0.7759397 0.70644224 0.45485446 0.40979227 0.47247383 0.6804422 0.761605 0.23650149 -0.16596444 -0.3904444 -0.51871264 -0.5001686 NaN NaN NaN NaN NaN NaN 0.13212264 0.74368185 0.7116656 0.74182373 0.7742042 0.7642371 0.77994615 0.66820455 0.7348264 0.49639115 0.089120924 -0.23251258 -0.6986946 -0.6469301 0.27749857 -0.3778995 0.37500435 -0.24576235 -0.58613306 -0.6724722 -0.68314016 -0.274285 0.30949953 -0.447021 -0.596421 -0.35552144 -0.53806734 0.15615885 0.61157984 0.53264743 0.83316576 0.80219537 -0.2530087 -0.5404312 -0.68825233 -0.67294186 -0.58509463 -0.030393438 -0.36318627 0.27282366 0.2677511 -0.3788475 -0.4190864 -0.707897 -0.7093094 -0.56763 -0.5419938 -0.05885191 0.08032209 0.76829606 0.8046835 -0.04305817 -0.32487598 -0.33461973 0.040765136 0.7980912 0.77307564 0.46151394 -0.016119579 -0.28962412 -0.3492863 -0.6802952 -0.68685085 -0.67436206 -0.6429672 -0.6687806 -0.28052527 0.21814254 0.480592 0.6668037 0.66879076 0.55359536 -0.007996568 0.65180767 0.6332575 0.6143527 0.61809266 0.66055834 0.08253943 -0.6987277 -0.8072879 0.13288477 0.522392 0.16517247 0.23657656 0.06012945 -0.6489564 -0.69415873 -0.6805655 -0.68663025 -0.69299936 -0.71678615 -0.5269697 0.537101 0.4812579 0.45706514 -0.3771945 -0.01892544 0.44368058 -0.59106314 -0.7527684 -0.723312 -0.7148768 -0.7514657 -0.68669367 0.3777846 -0.07772713 0.25918907 0.471187 -0.07163495 -0.7039672 0.47103542 0.27863818 -0.7174259 -0.69576484 -0.6205858 -0.29796532 0.56241083 0.4299584 0.23926951 
0.6540957 0.628854 -0.43291327 -0.42010993 -0.19061175 0.9508109 1.0 0.9270217 -0.34921315 -0.40543067 0.08966692 0.40519345 0.3067294 0.7372198 0.3387309 0.7739427 0.6962257 0.8358353 0.79802805 0.8011461 0.75321674 0.5142929 0.44821832 0.5023274 0.68785655 0.76042503 0.19650252 -0.21214764 -0.42097905 -0.5418068 -0.51155156 NaN NaN NaN NaN NaN NaN 0.08936815 0.7213158 0.73518366 0.77100474 0.7976041 0.78757614 0.79895747 0.69348943 0.7553299 0.51990455 0.052063044 -0.25380272 -0.6975347 -0.6321315 0.26837206 -0.34592456 0.3961763 -0.22092074 -0.5677651 -0.6675888 -0.6824439 -0.30401725 0.2810907 -0.4592434 -0.59148043 -0.34654045 -0.5160724 0.15243042 0.59423566 0.5193607 0.82247674 0.77425975 -0.28112555 -0.5465639 -0.67733926 -0.6535752 -0.55190146 7.70112E-4 -0.32285196 0.30209666 0.26548487 -0.3798502 -0.46857047 -0.714558 -0.71912825 -0.5679834 -0.52669066 -0.05895955 0.08485876 0.7415546 0.7600861 -0.0875828 -0.3520687 -0.36661425 0.018190471 0.781668 0.76866645 0.4180723 -0.060208626 -0.3314013 -0.40793315 -0.6802061 -0.694089 -0.6825461 -0.6511457 -0.67383343 -0.32349956 0.23206776 0.44531313 0.66101354 0.6695989 0.5588078 -0.03585954 0.62438905 0.62978953 0.61085427 0.6104342 0.6432325 0.05795137 -0.685452 -0.80372214 0.12553872 0.49290895 0.12940224 0.21140711 0.02269444 -0.6616288 -0.67277807 -0.6570561 -0.6618352 -0.67372423 -0.6973959 -0.50907147 0.54385966 0.48883268 0.44180173 -0.36327517 -0.025679175 0.4272561 -0.5943585 -0.7546433 -0.7197687 -0.7150642 -0.7438312 -0.66897756 0.364033 -0.11847045 0.22177894 0.43815294 -0.072647646 -0.6978149 0.45421234 0.23312087 -0.7079048 -0.6943894 -0.6277186 -0.36042574 0.49502823 0.34962115 0.27036113 
0.5793147 0.6345971 -0.38948613 -0.37811998 -0.08119208 0.9165291 0.9270217 1.0 -0.22037156 -0.31321177 0.22403961 0.4965533 0.3891621 0.7666977 0.3665159 0.75756556 0.6606901 0.73021847 0.67310184 0.6946139 0.65579486 0.4624478 0.38922697 0.43435723 0.5913848 0.64555615 0.16925904 -0.21726769 -0.42885295 -0.54051983 -0.5138794 NaN NaN NaN NaN NaN NaN 0.14186382 0.66471004 0.6259206 0.6471845 0.67074335 0.6516488 0.68334615 0.62211984 0.6848128 0.46207276 0.12736443 -0.15307117 -0.6465963 -0.57671034 0.31218666 -0.30890787 0.41402867 -0.17799348 -0.52689636 -0.6240567 -0.62935305 -0.23275766 0.32953995 -0.38232177 -0.52435684 -0.26014507 -0.44193015 0.22037964 0.60335475 0.5074596 0.7435472 0.72394425 -0.175875 -0.46752554 -0.6205178 -0.6003082 -0.49483502 0.035841703 -0.310547 0.30151698 0.28485644 -0.34852448 -0.35827285 -0.6661891 -0.67145926 -0.48075524 -0.4477665 0.020151405 0.15566924 0.70809186 0.73565155 -0.030896457 -0.26755226 -0.2815597 0.06739554 0.6976884 0.66031283 0.43918082 7.3122326E-5 -0.24890052 -0.32728553 -0.6378216 -0.63762486 -0.62454665 -0.6027707 -0.6179874 -0.22549044 0.21823522 0.38912818 0.55122733 0.57252127 0.4903707 -0.022625323 0.5190589 0.4940532 0.47149223 0.47618502 0.5673721 0.1140192 -0.6384785 -0.7587438 0.14837426 0.47907117 0.12427881 0.21770003 0.055512823 -0.5962769 -0.64663506 -0.6362237 -0.6445957 -0.649191 -0.6740836 -0.47963974 0.48247445 0.41960004 0.40472087 -0.35016492 -0.029139576 0.4017221 -0.5558671 -0.71152467 -0.6910887 -0.68452775 -0.7022235 -0.6211558 0.361183 -0.06136129 0.26272404 0.42803872 -0.053398445 -0.6566036 0.425042 0.23496309 -0.6696419 -0.6684454 -0.58959293 -0.30645534 0.44421357 0.29252756 0.20005132 
-0.20333613 0.033531457 0.76360154 0.7722074 0.77156615 -0.3844251 -0.34921315 -0.22037156 1.0 0.94459724 0.747397 0.3326504 0.34087935 -0.12834485 0.30263826 -0.23206349 -0.2707057 -0.5379947 -0.5480727 -0.5115388 -0.41802877 -0.2222749 -0.28358775 -0.32826468 -0.51721936 -0.59424543 -0.2469391 0.08162189 0.2511817 0.36502415 0.3989775 NaN NaN NaN NaN NaN NaN 0.14434959 -0.5798781 -0.5870681 -0.5955555 -0.5644835 -0.55984694 -0.5932634 -0.59142756 -0.64793485 -0.5236423 -0.20492291 0.13045108 0.55616015 0.40512013 -0.34392607 0.1545963 -0.4483367 -0.03783461 0.34182978 0.47656494 0.43850285 0.11231433 -0.3165287 0.26637346 0.31607258 0.11243448 0.26940754 -0.27348185 -0.5337055 -0.440881 -0.6641295 -0.66831625 0.18574192 0.47574762 0.5323935 0.45464262 0.26732612 -0.22957908 0.01549296 -0.501573 -0.4080993 0.09496763 0.19832711 0.5407086 0.52252066 0.27417687 0.24776785 -0.080689736 -0.22365141 -0.6445137 -0.6125248 0.13023973 0.36669952 0.3193957 0.0030242286 -0.6740817 -0.6507564 -0.3441876 0.05954311 0.2641768 0.3018254 0.57554966 0.5647376 0.5312059 0.5149291 0.54992855 0.08561457 -0.46037406 -0.5833106 -0.6100064 -0.630709 -0.57205766 -0.18390352 -0.621428 -0.5739257 -0.5742034 -0.5874821 -0.6566648 -0.39467242 0.2904368 0.5389627 -0.37275204 -0.6142547 -0.32363504 -0.30177692 -0.27825537 0.3938919 0.54815805 0.5225036 0.51312447 0.5275084 0.5305414 0.22255193 -0.59926206 -0.598874 -0.5608434 -0.026689686 -0.348009 -0.6116835 0.21231602 0.47909147 0.46496087 0.48550105 0.4987434 0.33503205 -0.5615803 -0.14413202 -0.3770634 -0.53118604 -0.17810303 0.42340285 -0.51738346 -0.3343724 0.59328634 0.58490115 0.6077281 0.33351687 -0.45800802 -0.3280954 -0.18596093 
-0.21165805 -0.04778888 0.8065648 0.8159008 0.63223517 -0.4413381 -0.40543067 -0.31321177 0.94459724 1.0 0.6170036 0.14042182 0.14684455 -0.28364512 0.17492653 -0.3257317 -0.36266288 -0.52502304 -0.49575716 -0.47890913 -0.44229835 -0.28355587 -0.3415165 -0.39054582 -0.5331101 -0.56483537 -0.31699064 0.07770753 0.31163955 0.4807805 0.5157745 NaN NaN NaN NaN NaN NaN 0.09064051 -0.608652 -0.5725097 -0.562233 -0.52092355 -0.5146987 -0.5549608 -0.5857413 -0.63598037 -0.5238895 -0.30627045 0.04830608 0.62657446 0.40864542 -0.37280393 0.16023922 -0.44705957 -0.003982031 0.42100266 0.5795978 0.5061695 0.04887203 -0.40168592 0.21016312 0.27785212 0.042751364 0.20726551 -0.37459484 -0.5756265 -0.49947459 -0.66019005 -0.67575115 0.10359731 0.5100945 0.6173569 0.51692337 0.297524 -0.24358505 -0.009282239 -0.5331982 -0.4362046 0.052235305 0.19005205 0.64123076 0.6057444 0.24676046 0.18848345 -0.21348222 -0.36397216 -0.68385166 -0.6572931 0.029026708 0.34908023 0.2850771 -0.13364929 -0.6591881 -0.61508197 -0.4758952 -0.089445375 0.17218508 0.3357389 0.68500084 0.65227044 0.6106729 0.6104562 0.6404135 0.039507933 -0.5182361 -0.61247367 -0.56996745 -0.58491844 -0.5603603 -0.3290674 -0.6334956 -0.52286 -0.52534616 -0.54762435 -0.6435353 -0.51182866 0.23265634 0.5813926 -0.48611152 -0.6748186 -0.457745 -0.43687662 -0.4018641 0.39821187 0.6095418 0.58476424 0.5692107 0.5753716 0.5844385 0.21495597 -0.58816814 -0.5678407 -0.5305464 -0.10543893 -0.40723103 -0.6383222 0.24609645 0.54638463 0.55150795 0.5791442 0.5782229 0.34434226 -0.62122905 -0.2755583 -0.46873698 -0.5918953 -0.2959205 0.38869348 -0.5682937 -0.43133914 0.61357707 0.6312927 0.6205035 0.2577003 -0.48001537 -0.327944 -0.15674107 
0.04028623 0.3471442 0.40182668 0.38096198 0.7214348 0.06412823 0.08966692 0.22403961 0.747397 0.6170036 1.0 0.79023826 0.7495672 0.41908494 0.6653795 0.26436237 0.21052249 -0.16977884 -0.23831916 -0.15575625 0.019995777 0.21147826 0.11336209 0.09638503 -0.09524839 -0.25875646 0.081625596 0.163403 0.15691616 0.10969461 0.15509593 NaN NaN NaN NaN NaN NaN 0.17491971 -0.28507683 -0.31686765 -0.34256196 -0.3150342 -0.31730604 -0.34033614 -0.3443445 -0.36665457 -0.34256276 -0.14722127 0.06566659 0.06886636 0.0027516342 -0.31763074 -0.15505679 -0.38057995 -0.25677657 -0.06074083 -0.009393783 -0.008183259 0.062003974 -0.061561253 0.12013372 0.016052857 0.005552282 0.05542737 -0.09353797 -0.23640907 -0.11078633 -0.29430076 -0.31911027 0.1528182 0.18112443 0.06588745 0.036964472 -0.043424565 -0.2253353 -0.11084361 -0.3548457 -0.31160215 -0.054654162 -0.061928634 0.039719313 0.025882738 0.012255443 0.07733478 0.15327638 0.05786531 -0.21346368 -0.13428164 0.350771 0.32859266 0.31329682 0.28867492 -0.31764793 -0.3258578 0.08471172 0.26245117 0.21919551 0.045809228 0.10251172 0.09311189 0.064229965 0.020926302 0.056655448 -0.09308285 -0.33212847 -0.34925282 -0.32568905 -0.32485858 -0.2854432 0.1356014 -0.2173289 -0.27838016 -0.2785565 -0.27655742 -0.30407873 -0.12933655 0.062758796 0.13429287 -0.112665534 -0.24378598 0.006971838 0.08171814 -0.022354515 0.062421076 0.13033363 0.09979404 0.09555229 0.10090245 0.07816049 -0.10905743 -0.36681038 -0.3967584 -0.38090548 -0.12944403 -0.21615845 -0.3293021 -0.06386728 0.0791712 0.04143457 0.044471342 0.07467623 0.059519213 -0.27753353 -0.045068987 -0.08377147 -0.1625213 0.05151955 0.17218716 -0.16988692 -0.058568377 0.20247586 0.1667731 0.26180074 0.2972205 -0.11236542 -0.07034379 -0.0050841435 
0.17489567 0.4193824 9.3526114E-4 -0.004822582 0.51093626 0.37819135 0.40519345 0.4965533 0.3326504 0.14042182 0.79023826 1.0 0.9018204 0.74407566 0.7896729 0.61182374 0.57258695 0.20747341 0.10052674 0.20318468 0.41516015 0.5714151 0.4749703 0.4667741 0.3031417 0.0797149 0.28805855 0.103674196 -0.038084466 -0.19040678 -0.14227028 NaN NaN NaN NaN NaN NaN 0.037082765 0.008960214 0.025773875 -0.012805921 0.007174445 0.0028897908 -0.019670809 -0.0185184 -0.024010321 -0.055923223 -0.047983907 -0.006096134 -0.30837312 -0.25474602 -0.1900327 -0.27723566 -0.19159548 -0.3074417 -0.3239016 -0.37918696 -0.34496018 -0.045228627 0.07958428 4.6643487E-4 -0.15672554 -0.04343128 -0.04233126 0.07704918 0.028982358 0.111186214 0.038009755 0.00998592 0.026937755 -0.15209988 -0.3105845 -0.2718416 -0.22790118 -0.15330353 -0.09485019 -0.06535729 -0.068064705 -0.07262271 -0.26666585 -0.35182172 -0.3597726 -0.14021294 0.005204843 0.32468998 0.2953057 0.14582178 0.22259822 0.34062818 0.07877405 0.09679363 0.3822641 0.038562756 0.023212943 0.3771861 0.3336951 0.04420458 -0.2832705 -0.31248665 -0.2980659 -0.3021344 -0.33676153 -0.32033774 -0.20454541 -0.0052997726 -0.037302006 0.018567929 0.025746288 0.026239062 0.3433452 0.14099932 0.044539403 0.038435638 0.03570928 0.028340673 0.09787525 -0.122897014 -0.25538456 0.09488408 0.075832225 0.25348952 0.339056 0.12855312 -0.2725084 -0.27327862 -0.28880218 -0.28715992 -0.27614793 -0.3004653 -0.32260627 -0.0777631 -0.11846591 -0.13632905 -0.09282023 -0.024100428 -0.03648331 -0.30507472 -0.2826583 -0.32543612 -0.33442926 -0.30684397 -0.16161859 0.036807515 0.08854619 0.23207432 0.20816419 0.22213116 -0.0737665 0.10235305 0.117965244 -0.17018387 -0.21335913 -0.10263445 0.12260911 0.15789735 0.12246575 0.218145 
0.048862543 0.29780668 0.016285721 0.019409746 0.51616657 0.25437024 0.3067294 0.3891621 0.34087935 0.14684455 0.7495672 0.9018204 1.0 0.76036996 0.8198279 0.60302436 0.5194601 0.12976287 0.055239275 0.16438493 0.38428032 0.5792477 0.4900655 0.4573258 0.24670652 0.007876573 0.2391986 0.08443903 -0.009555496 -0.1479117 -0.086884506 NaN NaN NaN NaN NaN NaN -0.043155383 -0.07220468 -0.022891508 -0.05865142 -0.045876026 -0.053285394 -0.0790254 -0.06647713 -0.052220162 -0.05388525 -0.044738922 0.0067463093 -0.27252954 -0.18644375 -0.19564186 -0.19443023 -0.16367309 -0.20225497 -0.22580437 -0.31306612 -0.27307668 -0.012304029 0.07544428 0.07095219 -0.039215945 0.06936443 0.06816791 0.14866231 -0.0024918015 0.07207733 -0.0434726 -0.058533207 0.018542128 -0.14238866 -0.26326534 -0.20819731 -0.110392846 -0.08830247 0.013823613 0.0021880365 -0.05202887 -0.02012171 -0.26900366 -0.31054407 -0.3169587 -0.04896119 0.11541895 0.3699949 0.3205872 0.07200707 0.120532535 0.30222294 0.04173645 0.0785345 0.37833148 -0.03137612 -0.03217212 0.31364435 0.34341893 0.04794004 -0.29851666 -0.2603777 -0.2385992 -0.24203365 -0.2785633 -0.26336506 -0.17390695 0.07948663 -0.046720162 -0.016473675 -0.026472157 -0.005508691 0.35070375 0.07264897 -0.0067913565 -0.008729616 -0.014042749 -0.04312576 0.084395155 -0.047737893 -0.2070597 0.052454296 0.003277265 0.19816378 0.27525195 0.065824956 -0.27831328 -0.26134315 -0.26779604 -0.26530722 -0.26164502 -0.269651 -0.28774944 -0.12698969 -0.14144328 -0.16551965 -0.0060833497 -0.010892504 -0.07664612 -0.2808089 -0.22563812 -0.26459378 -0.28721103 -0.25998813 -0.094775796 -0.017962856 0.088906854 0.1498794 0.1533499 0.27770522 0.042388253 0.11295497 0.060267292 -0.11830745 -0.16955397 -0.07023609 0.11422172 0.06428898 0.042692047 0.2979717 
0.3362971 0.45823768 -0.3705948 -0.36201978 0.05974516 0.69639933 0.7372198 0.7666977 -0.12834485 -0.28364512 0.41908494 0.74407566 0.76036996 1.0 0.6970833 0.8696808 0.77755034 0.62374073 0.53799886 0.6283669 0.74671006 0.7612191 0.6894449 0.701677 0.6832953 0.53841287 0.40671232 0.050553974 -0.15856774 -0.3542507 -0.3028852 NaN NaN NaN NaN NaN NaN -0.058150116 0.36650395 0.39761046 0.41211766 0.43453184 0.41336668 0.41605267 0.35691762 0.43309802 0.27098998 -0.024859203 -0.20556858 -0.65707725 -0.53311026 0.070458174 -0.34459046 0.17952777 -0.24122861 -0.51312405 -0.6465548 -0.63603294 -0.25390092 0.2112702 -0.29660115 -0.41431123 -0.18669593 -0.29821998 0.19261612 0.38110715 0.33069625 0.4916826 0.45485064 -0.2344439 -0.4975042 -0.61804235 -0.5531183 -0.39163896 -0.011993859 -0.15592422 0.28042337 0.21071614 -0.23584302 -0.49155077 -0.67922664 -0.68112636 -0.40825558 -0.2790219 0.17991416 0.27932233 0.5388676 0.584313 0.0803042 -0.24696231 -0.2384054 0.20322044 0.5188548 0.5005385 0.48483104 0.14129613 -0.21956514 -0.4743626 -0.6379807 -0.6319101 -0.6283489 -0.62150246 -0.6369952 -0.34223172 0.21961433 0.28265628 0.44362974 0.4618328 0.38912606 0.22871293 0.47545785 0.4205762 0.41845655 0.40875652 0.45788234 0.20210606 -0.42545405 -0.6505812 0.20398466 0.40417272 0.27560696 0.3477289 0.11954545 -0.5913763 -0.6043563 -0.59073776 -0.5845335 -0.60252076 -0.6248079 -0.49879175 0.32632974 0.29843765 0.25843343 -0.18422236 0.08177733 0.31057984 -0.55347794 -0.62858266 -0.62750924 -0.64208925 -0.6585374 -0.46380058 0.34386814 0.026469296 0.26519236 0.45194048 0.19040897 -0.42682922 0.4050687 0.24180666 -0.5574193 -0.57601005 -0.4724693 -0.12705846 0.43540588 0.33158407 0.39647347 
0.09757348 0.29907724 0.08149939 0.07353716 0.41219813 0.28088495 0.3387309 0.3665159 0.30263826 0.17492653 0.6653795 0.7896729 0.8198279 0.6970833 1.0 0.71362823 0.54956055 0.24274099 0.19133128 0.26429367 0.4732854 0.6377092 0.5729089 0.56004167 0.37374896 0.15279004 0.3346136 0.21955773 0.16468449 0.01849513 0.08367525 NaN NaN NaN NaN NaN NaN -0.09750035 -0.09484222 0.032552633 0.031279434 0.060014192 0.05365647 0.009296516 -0.05858158 -0.038589574 -0.084902614 -0.23920648 -0.15203829 -0.2673635 -0.26070726 -0.27869645 -0.2657179 -0.22774634 -0.29920122 -0.2685041 -0.30834112 -0.3227791 -0.17308258 -0.07358361 -0.09754477 -0.20032392 -0.13283524 -0.10363125 -0.048862737 -0.08531235 -0.0065429173 -0.0054462636 -0.041815728 -0.14364396 -0.15233807 -0.24933632 -0.22478852 -0.17951943 -0.20185322 -0.08341335 -0.074618086 -0.08327538 -0.09594817 -0.37913647 -0.29068348 -0.326855 -0.20455757 -0.06124437 0.19200617 0.15993316 0.08371941 0.13521045 0.2122669 7.3102734E-4 0.02464193 0.23324695 0.026732644 0.05835333 0.27328178 0.26303086 -0.04552325 -0.32823324 -0.20236798 -0.2203914 -0.24141562 -0.26507103 -0.25135237 -0.33971053 -0.026148515 -0.090566516 0.06927133 0.081123956 0.032101247 0.20969607 0.10837784 0.11534011 0.10611383 0.09442155 0.01088766 -0.079959005 -0.16722518 -0.21762975 -0.027735269 -0.038310364 0.11606163 0.18888581 -0.068532586 -0.31016418 -0.21143433 -0.2227964 -0.22766681 -0.23382822 -0.25792307 -0.3740914 -0.08644085 -0.093093425 -0.13819417 -0.15190497 -0.12868944 -0.1098509 -0.35439488 -0.24292736 -0.26191193 -0.27666897 -0.2593438 -0.15915298 -0.07832385 -0.06841019 0.06119772 0.12611194 0.15357128 -0.0631546 0.039651737 -0.023500465 -0.13642877 -0.15862677 -0.07053181 0.064977564 0.12024974 0.11452281 0.3701005 
0.3790715 0.40401322 -0.41380134 -0.4022309 -0.11257009 0.7202271 0.7739427 0.75756556 -0.23206349 -0.3257317 0.26436237 0.61182374 0.60302436 0.8696808 0.71362823 1.0 0.8379443 0.7521573 0.6941108 0.73499 0.8130319 0.77224696 0.7317 0.73051083 0.7569773 0.678929 0.38779157 0.039662614 -0.1400871 -0.3157311 -0.26116526 NaN NaN NaN NaN NaN NaN -0.1090374 0.4430774 0.53778344 0.57479817 0.5962671 0.57660455 0.5724162 0.47411898 0.5564263 0.3554459 -0.08826236 -0.29136518 -0.6748099 -0.56326866 0.1278114 -0.30895153 0.26762012 -0.2130577 -0.50929743 -0.65162134 -0.6752648 -0.3553588 0.14704752 -0.39352033 -0.49130294 -0.28103343 -0.38223806 0.14464436 0.4009638 0.33832586 0.5743255 0.5378991 -0.33772185 -0.5500052 -0.64076626 -0.586036 -0.41724527 -0.015572394 -0.1803336 0.330192 0.25110596 -0.2936113 -0.55075485 -0.6822188 -0.6981714 -0.48613414 -0.3539386 0.085704446 0.18922925 0.5760328 0.615611 -0.04008077 -0.3558984 -0.34583953 0.081741445 0.6071173 0.61553115 0.41073295 0.029821977 -0.34406927 -0.5299854 -0.64009297 -0.64768964 -0.6456014 -0.6199677 -0.6391982 -0.41532302 0.2743639 0.3494584 0.56790906 0.58342886 0.47367802 0.10779089 0.5140729 0.53996813 0.5241882 0.5089647 0.51925784 0.10797244 -0.52706045 -0.71169734 0.119064875 0.40838102 0.16835849 0.24955106 0.010533056 -0.67719805 -0.64643925 -0.6314664 -0.6277013 -0.6470914 -0.6669509 -0.53722954 0.4216477 0.3942343 0.33624426 -0.23696178 0.0390234 0.3212296 -0.6335743 -0.6832374 -0.65494764 -0.6583737 -0.6899135 -0.51482934 0.32149515 -0.11002007 0.19539073 0.44122094 0.089115426 -0.51062036 0.4118799 0.16889502 -0.6199573 -0.6187591 -0.55435485 -0.2665096 0.443962 0.34520993 0.48858264 
0.38441074 0.42678815 -0.40221733 -0.39867133 -0.09527821 0.6629092 0.6962257 0.6606901 -0.2707057 -0.36266288 0.21052249 0.57258695 0.5194601 0.77755034 0.54956055 0.8379443 1.0 0.7801036 0.6436237 0.6825873 0.82705975 0.7980792 0.7908128 0.7966591 0.7997264 0.67664623 0.53523153 0.16665906 -0.046265658 -0.26525635 -0.22049579 NaN NaN NaN NaN NaN NaN -0.0758791 0.4287796 0.51088595 0.52827513 0.54619485 0.53777003 0.5284393 0.4391241 0.52015567 0.33675814 -0.054990016 -0.25307444 -0.6727038 -0.5722698 0.08627025 -0.33390152 0.24182563 -0.21442504 -0.4970211 -0.63578427 -0.63545537 -0.2881063 0.19531874 -0.3121766 -0.4315241 -0.21848048 -0.3333684 0.17931198 0.39323407 0.36008635 0.5541578 0.52441424 -0.29431167 -0.5220378 -0.6186309 -0.5715251 -0.414913 -0.010376752 -0.17904843 0.2945557 0.24378091 -0.27643704 -0.5273096 -0.6770678 -0.6864247 -0.45854807 -0.33809775 0.15608257 0.25333682 0.5721284 0.6157994 0.053237192 -0.25737906 -0.28021595 0.1434195 0.58996445 0.5879509 0.44565967 0.07001021 -0.2898475 -0.49553812 -0.63198406 -0.6399441 -0.63896954 -0.6218996 -0.6444572 -0.4150928 0.25040925 0.3443515 0.5385836 0.54965746 0.4411539 0.15074737 0.5132586 0.5143461 0.5066716 0.48667756 0.51126456 0.13416374 -0.51550627 -0.6919554 0.11933149 0.3945091 0.18446349 0.25792342 -0.010067971 -0.6737055 -0.64429814 -0.63112044 -0.62395126 -0.6372332 -0.66239625 -0.5512262 0.37424713 0.33620575 0.28297415 -0.26076525 0.025227131 0.30657628 -0.6029761 -0.6677012 -0.6507 -0.6530033 -0.6869218 -0.5033669 0.30347198 -0.10294042 0.20338336 0.427458 0.07466404 -0.5084433 0.34824136 0.14478031 -0.6231185 -0.60722876 -0.5292617 -0.26079956 0.41855276 0.3314249 0.45007488 
0.5234162 0.35228318 -0.56138444 -0.5406225 -0.49485087 0.82129306 0.8358353 0.73021847 -0.5379947 -0.52502304 -0.16977884 0.20747341 0.12976287 0.62374073 0.24274099 0.7521573 0.7801036 1.0 0.9533069 0.94428223 0.88983303 0.66616267 0.653158 0.6826639 0.87963355 0.93214005 0.34813088 -0.058648843 -0.2304575 -0.36616418 -0.3249544 NaN NaN NaN NaN NaN NaN -0.129683 0.6627701 0.79708636 0.8586516 0.89366657 0.8822095 0.872036 0.6848916 0.785141 0.52582556 -0.11176125 -0.42692015 -0.7304459 -0.66708416 0.22157384 -0.33981118 0.39715457 -0.19261055 -0.5231654 -0.6511156 -0.7052773 -0.47013265 0.124556564 -0.5540016 -0.6303767 -0.43621075 -0.56353056 0.05310012 0.5159205 0.40805125 0.82202977 0.77465653 -0.48182577 -0.6352599 -0.6795429 -0.6520793 -0.53431344 -0.032421738 -0.28597885 0.3600825 0.30639726 -0.38835785 -0.5837013 -0.699597 -0.72427934 -0.61939204 -0.5596103 -0.12614347 0.03767273 0.7515006 0.75419325 -0.23232995 -0.4833558 -0.5169458 -0.12839843 0.8559494 0.872257 0.33945385 -0.19581392 -0.50483716 -0.5269458 -0.6734061 -0.7026049 -0.6968142 -0.6355154 -0.6745956 -0.4759636 0.28946558 0.4841099 0.79881877 0.8107952 0.6223728 -0.113538265 0.68445694 0.78613263 0.77013665 0.73836535 0.7272065 -0.0061077224 -0.72563374 -0.8177268 0.039631683 0.4880243 0.06990839 0.13198197 -0.09408212 -0.7353208 -0.68610924 -0.65965724 -0.65830135 -0.6796173 -0.7009167 -0.5596127 0.60880727 0.59060717 0.50786495 -0.38208878 -0.008345194 0.44747183 -0.6490007 -0.7546514 -0.7018411 -0.690598 -0.7444299 -0.6560916 0.37695086 -0.21890257 0.20107189 0.48915863 -0.09572231 -0.7047456 0.44686535 0.118689306 -0.7498508 -0.7036312 -0.66918385 -0.44901988 0.56532687 0.45065486 0.48612878 
0.49138904 0.2676054 -0.53565747 -0.5095215 -0.5531246 0.77957124 0.79802805 0.67310184 -0.5480727 -0.49575716 -0.23831916 0.10052674 0.055239275 0.53799886 0.19133128 0.6941108 0.6436237 0.9533069 1.0 0.97255 0.8479883 0.60369986 0.57050794 0.5939848 0.8214144 0.915386 0.1909575 -0.18511194 -0.28711888 -0.37528425 -0.31561422 NaN NaN NaN NaN NaN NaN -0.2007039 0.63118786 0.80554664 0.8759844 0.91784585 0.9084893 0.889449 0.68151414 0.78719115 0.52846307 -0.16401526 -0.48868364 -0.69047767 -0.63243973 0.21374667 -0.2843256 0.4028216 -0.14209267 -0.4523935 -0.58969355 -0.6663945 -0.5163097 0.03522034 -0.58761084 -0.6234355 -0.45914343 -0.5594933 0.00302098 0.47144854 0.35848552 0.8064884 0.74935687 -0.531281 -0.620876 -0.6225386 -0.5956853 -0.47861952 -0.029781597 -0.24985014 0.3729017 0.31701693 -0.3786528 -0.5991881 -0.6480556 -0.6790905 -0.6231181 -0.56289816 -0.21735264 -0.05505271 0.70079744 0.69373685 -0.31508788 -0.53986585 -0.5680044 -0.21795908 0.85548323 0.8939036 0.23880403 -0.28817505 -0.5761278 -0.5399941 -0.618389 -0.6604803 -0.6532154 -0.58303267 -0.6224964 -0.49990943 0.32468507 0.4773697 0.8409545 0.85621345 0.66039085 -0.17056438 0.69126153 0.835109 0.81570065 0.77861047 0.73183143 -0.06008726 -0.7177366 -0.78100973 -7.697172E-4 0.448246 0.0027577595 0.06270918 -0.15751106 -0.7237814 -0.63396746 -0.6036171 -0.60150754 -0.6256932 -0.6358376 -0.5122388 0.6289642 0.6432496 0.53694993 -0.35200775 -0.009555538 0.4329983 -0.64334077 -0.7196294 -0.6580125 -0.64858794 -0.7098333 -0.64288116 0.33973008 -0.2710789 0.13502823 0.45329824 -0.1492111 -0.6987068 0.42338902 0.054542154 -0.7319489 -0.67711806 -0.66990924 -0.50601065 0.53901833 0.43846905 0.5797263 
0.44699425 0.26447883 -0.5328 -0.500463 -0.49913466 0.7759397 0.8011461 0.6946139 -0.5115388 -0.47890913 -0.15575625 0.20318468 0.16438493 0.6283669 0.26429367 0.73499 0.6825873 0.94428223 0.97255 1.0 0.89737517 0.69218695 0.6481977 0.6694017 0.8534276 0.8945058 0.22432868 -0.16012616 -0.26511452 -0.36775243 -0.30140662 NaN NaN NaN NaN NaN NaN -0.23567219 0.5858468 0.76700133 0.83937645 0.88471186 0.870536 0.84629506 0.6422682 0.7531949 0.49310625 -0.18950413 -0.4942946 -0.7036182 -0.6394111 0.18151842 -0.3036106 0.35853034 -0.16483657 -0.4647142 -0.6064567 -0.68500537 -0.5241696 0.029519377 -0.5831724 -0.6245889 -0.4614953 -0.5496891 0.004211484 0.44660842 0.3396806 0.7738396 0.7134828 -0.52874464 -0.62430876 -0.63263774 -0.6003379 -0.4774727 -0.04399613 -0.2420623 0.3550836 0.2837271 -0.386481 -0.6184135 -0.6614692 -0.6947061 -0.6169545 -0.5407585 -0.17409456 -0.020030402 0.6941917 0.6924218 -0.2792327 -0.5155665 -0.55035925 -0.18436268 0.8322278 0.8713231 0.2679495 -0.25733015 -0.57469785 -0.5688851 -0.6317854 -0.6708658 -0.6615054 -0.5963856 -0.63389575 -0.5160165 0.31436342 0.45165008 0.82072526 0.83414036 0.6415998 -0.13462701 0.68290234 0.8147162 0.7990179 0.7578698 0.713006 -0.053430684 -0.7032882 -0.78025085 0.01169348 0.44929692 0.029605826 0.0933386 -0.13912235 -0.7332538 -0.6392491 -0.60978824 -0.60461366 -0.63047963 -0.6433616 -0.54254526 0.59714735 0.6164241 0.50886637 -0.34818208 -0.0024179497 0.41891927 -0.6519962 -0.71786964 -0.6644172 -0.6558171 -0.71483684 -0.6404104 0.3516738 -0.23922281 0.17638385 0.4780088 -0.106975645 -0.67412764 0.42646298 0.064680606 -0.7219994 -0.6722692 -0.6577224 -0.47742784 0.5440639 0.44254047 0.6127075 
0.44796997 0.3352281 -0.47535893 -0.4627882 -0.32242152 0.70644224 0.75321674 0.65579486 -0.41802877 -0.44229835 0.019995777 0.41516015 0.38428032 0.74671006 0.4732854 0.8130319 0.82705975 0.88983303 0.8479883 0.89737517 1.0 0.87624204 0.84504545 0.86333907 0.9118353 0.8257166 0.47289103 0.08702384 -0.0757517 -0.2586108 -0.19891806 NaN NaN NaN NaN NaN NaN -0.20310278 0.4926294 0.6911485 0.7261559 0.7604603 0.7547318 0.7157229 0.54966265 0.633962 0.43489212 -0.16876954 -0.39686248 -0.7060348 -0.6463904 0.05521556 -0.37281144 0.23450182 -0.26090693 -0.5154641 -0.6437266 -0.6925322 -0.42879713 0.09610078 -0.455048 -0.55655587 -0.3686963 -0.45964596 0.054685898 0.39722943 0.3658661 0.66876036 0.61070347 -0.45035246 -0.5844681 -0.65109754 -0.6140704 -0.488882 -0.096704766 -0.24760327 0.28344992 0.22735576 -0.33209032 -0.6253243 -0.6786258 -0.71212375 -0.5553125 -0.4362528 0.021175062 0.14392345 0.64757705 0.66738814 -0.08464021 -0.38876414 -0.41260755 0.013417541 0.7090841 0.7297142 0.3845794 -0.07256693 -0.4618801 -0.5974331 -0.64317626 -0.6772062 -0.6732149 -0.6341236 -0.6650466 -0.5356218 0.2519616 0.36889282 0.68454635 0.6991587 0.5206768 0.027074758 0.6158177 0.69843674 0.68970686 0.65232766 0.60279375 -0.020737056 -0.63143116 -0.7494672 0.034687232 0.39261213 0.13446791 0.19393341 -0.0974843 -0.73548853 -0.65050095 -0.62882775 -0.62693965 -0.6506696 -0.67214364 -0.6186035 0.45072657 0.44065642 0.3358468 -0.36671302 -0.04009919 0.31308287 -0.68605745 -0.70572203 -0.68159187 -0.6821447 -0.71282345 -0.6011561 0.2842352 -0.19427405 0.19695571 0.44796008 0.010443205 -0.5689789 0.3968031 0.09474055 -0.6698681 -0.64275664 -0.5922211 -0.37197116 0.4914939 0.39705083 0.5866365 
0.19820942 0.20373566 -0.3044009 -0.2958167 -0.0960347 0.45485446 0.5142929 0.4624478 -0.2222749 -0.28355587 0.21147826 0.5714151 0.5792477 0.7612191 0.6377092 0.77224696 0.7980792 0.66616267 0.60369986 0.69218695 0.87624204 1.0 0.91143215 0.90143895 0.8081412 0.585371 0.5414751 0.26979622 0.14068551 -0.06323641 0.0045934706 NaN NaN NaN NaN NaN NaN -0.317939 0.15853906 0.36948094 0.4074473 0.44242522 0.42890683 0.38540745 0.2554471 0.33645105 0.18169995 -0.251562 -0.3508772 -0.5580455 -0.49071565 -0.08856263 -0.29973152 0.07013592 -0.21498919 -0.3752361 -0.5049926 -0.5470031 -0.3588867 0.0056677437 -0.30469844 -0.3784814 -0.23858893 -0.27674457 0.0412197 0.18984947 0.1658231 0.36004382 0.30030867 -0.3922637 -0.47069225 -0.50333846 -0.46011615 -0.3378927 -0.14235622 -0.15547965 0.17666353 0.12183019 -0.24694806 -0.5856194 -0.5426429 -0.5761169 -0.40524128 -0.24880986 0.114306234 0.1985243 0.40277395 0.4357416 -0.010863985 -0.2727063 -0.296358 0.04951026 0.43783018 0.4741777 0.32094732 0.01673123 -0.35564944 -0.5536204 -0.49367929 -0.5211937 -0.5243769 -0.50108826 -0.5266878 -0.51539826 0.17405963 0.1809997 0.47300214 0.49573603 0.34949747 0.13417053 0.43381864 0.49126154 0.49620908 0.44754586 0.39785063 0.03031884 -0.3964527 -0.5438062 0.04065194 0.26096576 0.16143778 0.18784265 -0.090255216 -0.5975012 -0.50335515 -0.48838195 -0.48572737 -0.5069783 -0.52514917 -0.5286004 0.26434946 0.26598662 0.17089583 -0.21546791 -0.0018727155 0.16905111 -0.5696235 -0.52381456 -0.5099038 -0.51512706 -0.541411 -0.38403705 0.19974127 -0.14849001 0.14844827 0.3644247 0.11147454 -0.3575959 0.25091612 0.03947993 -0.47437882 -0.46287003 -0.41516444 -0.2363843 0.35023138 0.3079905 0.60791343 
0.21242969 0.1777865 -0.34417313 -0.3332588 -0.1439674 0.40979227 0.44821832 0.38922697 -0.28358775 -0.3415165 0.11336209 0.4749703 0.4900655 0.6894449 0.5729089 0.7317 0.7908128 0.653158 0.57050794 0.6481977 0.84504545 0.91143215 1.0 0.9633987 0.8466283 0.6140714 0.65122944 0.38715 0.22701259 9.947243E-4 0.050830446 NaN NaN NaN NaN NaN NaN -0.25537065 0.19106133 0.3797261 0.40605846 0.43718603 0.42232838 0.38638625 0.26906124 0.34561124 0.21460149 -0.19258717 -0.29851934 -0.547217 -0.45867866 -0.030691069 -0.26023242 0.13166599 -0.18194681 -0.3673524 -0.49441594 -0.52625465 -0.33000612 0.04828155 -0.2534228 -0.32493672 -0.17750262 -0.22414203 0.10299473 0.22325423 0.19454771 0.355803 0.32495517 -0.35312185 -0.48506972 -0.5011621 -0.45846662 -0.3122734 -0.089276336 -0.11592249 0.23405088 0.15539922 -0.22223784 -0.54297435 -0.5240817 -0.54599464 -0.36032516 -0.19922462 0.17265397 0.24643967 0.4084486 0.43236572 -0.009066745 -0.2737115 -0.2869995 0.06052222 0.4310103 0.44716302 0.30922845 0.004375236 -0.33894965 -0.5209722 -0.49911827 -0.5095396 -0.51191634 -0.4852563 -0.5164764 -0.46569395 0.19717117 0.20142926 0.43964428 0.46857157 0.34074977 0.124411665 0.38346127 0.4517793 0.45377666 0.41096166 0.38233843 0.055789072 -0.37621456 -0.5433819 0.042288464 0.24819049 0.14338326 0.16676971 -0.09301924 -0.59220386 -0.51217276 -0.4933298 -0.4865664 -0.50898266 -0.5282522 -0.5142093 0.24990469 0.24283102 0.1737847 -0.20914234 0.015120354 0.16739361 -0.56781954 -0.52356845 -0.5129728 -0.5247431 -0.5494193 -0.38915655 0.18857004 -0.15923707 0.11355721 0.3258531 0.07869315 -0.33820474 0.25215083 0.023750748 -0.4782128 -0.4555555 -0.4202062 -0.2432262 0.31409815 0.27979678 0.53883433 
