1.0 0.5903691 0.53500086 0.56574106 0.5354475 0.61580586 0.60701954 0.6473712 0.5768397 0.5582929 0.6287296 0.5538608 0.44429788 -0.0970337 0.21895696 0.4610739 0.39804417 -0.03561591 -0.18543302 0.009008223 0.4514501 0.46253815 0.5021285 0.5553078 0.39531705 0.52680063 0.5506032 0.598407 0.5035163 -0.12377324 -0.10083418 -0.27066028 0.007013546 0.4150881 0.4433158 0.4736865 0.38071534 0.33168572 0.22088611 -0.0606854 -0.34068516 -0.35271785 -0.38769668 -0.3749296 -0.3952139 -0.39203638 -0.3941419 -0.38330483 -0.41412476 0.15924826 NaN NaN NaN NaN NaN -0.10363305 -0.10545526 -0.123131745 -0.05105081 -0.009640864 0.07759929 -0.033806898 -0.0068460684 0.20447226 -0.0044034855 -0.011692742 0.04535902 0.16497223 0.03108336 0.16617632 -0.08842834 0.07023992 0.20634511 -0.013687637 -0.05570479 -0.18235943 -0.19517574 0.08820769 0.103976406 0.17279579 -0.0059449635 0.06456598 0.06244118 0.009468573 0.009614921 0.08847832 0.22753751 0.19838834 0.08391342 -0.013233771 -0.0273228 -0.06749829 -0.044312444 0.043262843 -0.024195978 -0.064861976 -0.13678947 -0.1840046 -0.112091914 -0.10973477 -0.21486399 -0.44936213 -0.30616185 -0.34844366 -0.4869744 -0.3879967 -0.4800088 -0.54166144 -0.56975436 -0.4884542 -0.47055826 -0.46408302 -0.6649656 -0.5290467 -0.48475745 -0.6430479 -0.47686934 -0.4648332 -0.046561394 
0.5903691 1.0 0.93425304 0.8959453 0.86457765 0.8300666 0.8687288 0.822979 0.9168398 0.9318388 0.86099756 0.9081147 0.47942492 -0.45994815 -0.24587697 0.33724004 0.27891213 -0.30543444 -0.46381998 -0.25539792 0.75877875 0.9206833 0.9317315 0.69376105 0.27522925 0.75602067 0.87270564 0.7676521 0.8339749 -0.41260713 -0.38887048 -0.636238 -0.05587753 0.71899277 0.76724756 0.7412217 0.79807895 0.80701053 0.66386265 -0.07943666 -0.5516697 -0.5620766 -0.62958235 -0.58151466 -0.57556015 -0.5624269 -0.58861536 -0.58753157 -0.6306368 -0.026310774 NaN NaN NaN NaN NaN -0.41913962 -0.45609438 -0.44427437 -0.4633599 -0.44988313 -0.34268177 -0.48687744 -0.35734937 -0.23804146 -0.4320151 -0.33941504 -0.37154365 -0.2807496 -0.4075609 -0.0014893956 -0.51582944 -0.28834167 0.31877613 -0.10529958 -0.28979585 -0.4521711 -0.43675432 0.43742362 0.5277546 0.4591485 -0.38461363 0.24681938 0.31256828 0.033139806 -0.26309237 0.39780733 0.14883108 0.18455948 0.29488504 0.066642 0.31982806 0.2984875 0.27128538 0.16871668 0.28658617 0.29915282 0.052488793 0.04075454 0.274345 0.26308727 0.189091 -0.6444045 -0.516307 -0.5787346 -0.70991176 -0.41041416 -0.47429326 -0.6563164 -0.71161544 -0.6161851 -0.620261 -0.15620069 -0.6271631 -0.6910034 -0.6025987 -0.6322165 -0.2504296 -0.1132077 0.27955514 
0.53500086 0.93425304 1.0 0.96777254 0.9448887 0.892352 0.93619347 0.8873407 0.96425307 0.9576357 0.8744885 0.8054854 0.22776903 -0.52627355 -0.3464368 0.098830484 0.033764213 -0.43894985 -0.49853158 -0.3963268 0.5657465 0.88207155 0.93268424 0.6582574 0.25360665 0.69972605 0.8706469 0.7640088 0.74262047 -0.54452825 -0.533309 -0.6507367 -0.2725448 0.61117697 0.7596803 0.7902465 0.847295 0.8364302 0.5388751 -0.28279912 -0.56309 -0.5155442 -0.6238408 -0.5776381 -0.54402 -0.5400603 -0.5958207 -0.58675486 -0.62454057 0.19347455 NaN NaN NaN NaN NaN -0.5060724 -0.51742333 -0.50845426 -0.54629993 -0.51001924 -0.43027657 -0.5167815 -0.3278119 -0.30237943 -0.3697136 -0.33026403 -0.38606766 -0.28994972 -0.36219892 -0.14102292 -0.5441616 -0.35193518 0.11092733 -0.29543036 -0.35766974 -0.4918165 -0.5068282 0.35487425 0.52606463 0.42148757 -0.3633446 0.22157113 0.34588826 0.059939623 -0.2362019 0.43660313 0.31923163 0.35189873 0.37561178 0.16862848 0.42572534 0.43236247 0.40476987 0.3146296 0.41870257 0.42281434 0.19507292 0.16005643 0.37877506 0.3573679 0.15974273 -0.6512177 -0.49234426 -0.54695094 -0.6844404 -0.43314406 -0.4662044 -0.6066366 -0.6451791 -0.5930856 -0.5314681 -0.20884421 -0.58524543 -0.6337798 -0.53000975 -0.61052877 -0.25583595 -0.13160363 0.3734529 
0.56574106 0.8959453 0.96777254 1.0 0.9763489 0.93778 0.9661054 0.94370496 0.9830506 0.9661431 0.9019592 0.7833713 0.19498694 -0.5068964 -0.33419928 0.08546934 0.012794577 -0.45123196 -0.4994661 -0.41825727 0.5103431 0.83991843 0.9025538 0.63329697 0.22551785 0.6628564 0.85477436 0.770468 0.70668703 -0.5413624 -0.5343013 -0.6237281 -0.30788308 0.6094097 0.77566487 0.8183438 0.8437024 0.79147315 0.4968806 -0.32643962 -0.56619805 -0.51363087 -0.62374073 -0.5794838 -0.53994375 -0.534857 -0.59540015 -0.5859111 -0.62203944 0.18801302 NaN NaN NaN NaN NaN -0.5106146 -0.5008152 -0.4897036 -0.52486503 -0.48466825 -0.4107185 -0.49107397 -0.31284592 -0.28902444 -0.34307438 -0.3131644 -0.35948443 -0.26272362 -0.3277603 -0.15509014 -0.51156485 -0.31422645 0.09544644 -0.33935046 -0.389602 -0.50437766 -0.525156 0.3184488 0.50083214 0.42065117 -0.3076203 0.22451137 0.35789502 0.08780029 -0.18864304 0.4405722 0.3559469 0.3727182 0.3651548 0.16211002 0.4161243 0.43468472 0.42253593 0.36737868 0.42698592 0.40810713 0.21684638 0.18694289 0.37363252 0.35034347 0.12622073 -0.62791973 -0.4682752 -0.52463174 -0.6726706 -0.46188486 -0.4915997 -0.61607337 -0.6371827 -0.5810672 -0.52586514 -0.24000023 -0.59056723 -0.63091946 -0.52996343 -0.6264968 -0.28940067 -0.17240135 0.3284615 
0.5354475 0.86457765 0.9448887 0.9763489 1.0 0.94581556 0.96426696 0.9144191 0.9584608 0.93283087 0.86033934 0.7352722 0.14650682 -0.5209883 -0.35521385 0.034443926 -0.027285581 -0.46002325 -0.49549899 -0.42665383 0.47790098 0.81415385 0.8930479 0.6448814 0.24978934 0.6637731 0.8294865 0.7379214 0.6820918 -0.5769621 -0.5604687 -0.6403438 -0.34938842 0.55832934 0.73975354 0.7942352 0.8297532 0.77999026 0.46696267 -0.3375933 -0.5537199 -0.49120438 -0.6095067 -0.5643035 -0.52527386 -0.5235423 -0.58632565 -0.5746185 -0.61050946 0.25124285 NaN NaN NaN NaN NaN -0.51126647 -0.5055356 -0.49679446 -0.5379471 -0.49741662 -0.42486328 -0.49752858 -0.30595976 -0.29324383 -0.33575818 -0.31626612 -0.3713242 -0.2741966 -0.33692634 -0.17573972 -0.5311986 -0.34953976 0.051110335 -0.34221658 -0.3709834 -0.4890731 -0.51217985 0.30893677 0.4951476 0.39841735 -0.33941972 0.21932596 0.36149424 0.077257596 -0.21125686 0.43559074 0.38716853 0.41455996 0.42768326 0.238827 0.47599286 0.47391513 0.4607901 0.3960751 0.46506232 0.44692248 0.26286733 0.22576399 0.40282622 0.37497365 0.13030832 -0.62709427 -0.46849084 -0.52364045 -0.6649851 -0.43695095 -0.46918833 -0.5983505 -0.62960815 -0.5957364 -0.51707274 -0.25571108 -0.5934669 -0.63240355 -0.5215571 -0.62252754 -0.2687204 -0.15763128 0.36134717 
0.61580586 0.8300666 0.892352 0.93778 0.94581556 1.0 0.97260386 0.92730796 0.93420327 0.9091561 0.8669451 0.734349 0.2015114 -0.46916518 -0.28440672 0.09624758 0.01874932 -0.42912275 -0.4583268 -0.35085434 0.4697022 0.760536 0.8483737 0.72946846 0.38547325 0.7204014 0.80343205 0.7314125 0.64392287 -0.5297915 -0.5226536 -0.6046055 -0.32686794 0.5554073 0.7224122 0.77975094 0.7775999 0.6920032 0.42655414 -0.28617734 -0.5247849 -0.48933235 -0.5860366 -0.5427106 -0.51247245 -0.5077597 -0.5595307 -0.55256057 -0.58827573 0.17104474 NaN NaN NaN NaN NaN -0.43660903 -0.45868593 -0.44934526 -0.48477775 -0.45792902 -0.3931058 -0.4658636 -0.31214693 -0.27984953 -0.34262645 -0.31844607 -0.35380372 -0.26615587 -0.33216986 -0.17905754 -0.487749 -0.31642562 0.05699068 -0.24923788 -0.27015087 -0.4019369 -0.40809456 0.2895838 0.4336325 0.35955915 -0.30676514 0.19765544 0.2814333 0.026520098 -0.21363193 0.38568568 0.38060015 0.38826403 0.44757226 0.29362488 0.42839274 0.38234824 0.37959516 0.34273237 0.37952146 0.3555667 0.2042001 0.1742618 0.31819737 0.30378154 0.071415335 -0.63063395 -0.49267215 -0.5416927 -0.65563136 -0.3788536 -0.41773832 -0.56587946 -0.627779 -0.5974175 -0.5331629 -0.28988847 -0.6142884 -0.62924933 -0.5242035 -0.6171387 -0.22711492 -0.14013277 0.26636258 
0.60701954 0.8687288 0.93619347 0.9661054 0.96426696 0.97260386 1.0 0.9596785 0.9684343 0.938418 0.89247763 0.75901246 0.20103376 -0.48673284 -0.29733494 0.09987826 0.023045935 -0.4436741 -0.48712927 -0.40015423 0.48487687 0.79709053 0.8744249 0.6609951 0.2776081 0.66697496 0.834671 0.7654292 0.6797514 -0.5377679 -0.53689706 -0.6154611 -0.32772967 0.5767781 0.7485479 0.8067977 0.8071998 0.73244876 0.4442818 -0.3335053 -0.5572066 -0.5072311 -0.61324686 -0.57182616 -0.5334959 -0.53305125 -0.58896434 -0.5802701 -0.6148108 0.20165913 NaN NaN NaN NaN NaN -0.49625054 -0.48849458 -0.4798284 -0.50646806 -0.4637699 -0.385649 -0.4684629 -0.29247653 -0.25924236 -0.32438263 -0.30252367 -0.33715692 -0.23576923 -0.30653545 -0.15220115 -0.49290812 -0.2981857 0.08010653 -0.32000145 -0.35769036 -0.47705317 -0.49292183 0.29513466 0.47235414 0.39727974 -0.2891073 0.218067 0.3301468 0.069180496 -0.1755701 0.4168958 0.39012492 0.39968103 0.4008722 0.21783063 0.41342875 0.40064862 0.40275759 0.37412336 0.40556192 0.37863544 0.22511822 0.18966274 0.33666822 0.32124576 0.086636625 -0.6148601 -0.45548517 -0.5130036 -0.65623885 -0.44112146 -0.47461382 -0.60175794 -0.6284712 -0.5807682 -0.52243453 -0.2724801 -0.606527 -0.62878734 -0.5299189 -0.63256794 -0.28080982 -0.18449041 0.2969899 
0.6473712 0.822979 0.8873407 0.94370496 0.9144191 0.92730796 0.9596785 1.0 0.95540226 0.9129712 0.9164284 0.7516079 0.20638458 -0.44996938 -0.26059678 0.13343842 0.048717584 -0.44469318 -0.49605617 -0.43446383 0.45065153 0.75230914 0.8112072 0.5569333 0.16237988 0.5631209 0.8271829 0.7938914 0.65077263 -0.50681984 -0.51348484 -0.57159364 -0.33796886 0.5881762 0.7582911 0.823909 0.77290857 0.6753646 0.40248114 -0.3941835 -0.5763517 -0.51887584 -0.6223921 -0.58821344 -0.5406559 -0.5412332 -0.5993365 -0.5913896 -0.6207914 0.18287851 NaN NaN NaN NaN NaN -0.5160502 -0.46583858 -0.45462766 -0.4627391 -0.40310943 -0.32259905 -0.41130576 -0.25071082 -0.2026063 -0.2692781 -0.2603231 -0.2714298 -0.16347508 -0.23355053 -0.12650141 -0.43422702 -0.20140558 0.12483494 -0.39340606 -0.4397267 -0.5355297 -0.56417215 0.27536327 0.46553952 0.43801612 -0.18829325 0.24138296 0.36547905 0.14199106 -0.0682834 0.43518806 0.42681664 0.40994817 0.32830203 0.12824544 0.35728016 0.37494937 0.39709467 0.42142358 0.398081 0.3603188 0.25001746 0.21556123 0.31963784 0.31178066 0.088754885 -0.5414972 -0.3765449 -0.4438534 -0.6189251 -0.49872017 -0.52575946 -0.6253963 -0.60819584 -0.5272179 -0.50936395 -0.2550456 -0.5917516 -0.6125509 -0.53409725 -0.64717036 -0.33757585 -0.23833385 0.26677433 
0.5768397 0.9168398 0.96425307 0.9830506 0.9584608 0.93420327 0.9684343 0.95540226 1.0 0.97175425 0.9118015 0.8151755 0.25889918 -0.4818658 -0.30921754 0.14400974 0.07073981 -0.4251129 -0.491394 -0.39404958 0.5486111 0.855096 0.9066813 0.63676775 0.22122589 0.6684962 0.8655056 0.7817443 0.7192492 -0.51951414 -0.515235 -0.6212735 -0.29275134 0.61600626 0.7712779 0.8102478 0.82997775 0.7715034 0.4989192 -0.30673793 -0.5696048 -0.52777153 -0.63009936 -0.58691835 -0.54987156 -0.5428478 -0.59803367 -0.5902702 -0.62871647 0.1267811 NaN NaN NaN NaN NaN -0.49843284 -0.4885195 -0.47530907 -0.5051238 -0.46552733 -0.38796717 -0.47963458 -0.3194427 -0.28265822 -0.35780853 -0.318477 -0.3526985 -0.25738952 -0.33106077 -0.1323337 -0.50047374 -0.29030818 0.13779797 -0.31647408 -0.38643143 -0.5059445 -0.52658254 0.32258308 0.49827552 0.42462534 -0.30415514 0.2262872 0.34859845 0.07847114 -0.18179104 0.4285119 0.32387614 0.33442226 0.3444579 0.1335966 0.39248508 0.40303895 0.39852446 0.3470468 0.40457246 0.38914463 0.19590072 0.16620359 0.35234243 0.33492744 0.13178974 -0.61938417 -0.46676967 -0.5226306 -0.67212725 -0.46232957 -0.50048214 -0.6278334 -0.6488361 -0.58291435 -0.5408467 -0.23400596 -0.60067445 -0.6420096 -0.5444997 -0.63612074 -0.29328534 -0.17230234 0.29416898 
0.5582929 0.9318388 0.9576357 0.9661431 0.93283087 0.9091561 0.938418 0.9129712 0.97175425 1.0 0.948738 0.8722207 0.29965594 -0.4989041 -0.32001334 0.17097692 0.10163045 -0.42520764 -0.50539684 -0.38114414 0.60415196 0.897016 0.9287502 0.65692264 0.22475024 0.6892392 0.8853477 0.80112344 0.7569119 -0.52314156 -0.53656894 -0.65421706 -0.2741715 0.6678125 0.8008559 0.81776476 0.84218854 0.79709214 0.5516537 -0.28519568 -0.5907492 -0.5615614 -0.65275484 -0.6072707 -0.5720643 -0.5630561 -0.6127723 -0.60872144 -0.64780575 0.07226099 NaN NaN NaN NaN NaN -0.5020207 -0.5033034 -0.48736304 -0.5199192 -0.48450565 -0.40626398 -0.50742537 -0.3462888 -0.30432418 -0.39492437 -0.3413443 -0.37454733 -0.27955946 -0.3636122 -0.11674808 -0.51930493 -0.29917744 0.17860359 -0.28143907 -0.37852287 -0.5062088 -0.5110078 0.3903786 0.54043806 0.4558298 -0.32250667 0.25015953 0.35862702 0.08632955 -0.20688474 0.46138638 0.32087404 0.33800668 0.36419147 0.13629441 0.40208098 0.4032715 0.37987208 0.3268545 0.3980732 0.3904616 0.17773806 0.1592899 0.37529278 0.3652732 0.18223801 -0.635734 -0.4870761 -0.54819417 -0.6925239 -0.44781187 -0.48360825 -0.6423681 -0.6663779 -0.5931017 -0.57124263 -0.1935925 -0.60521394 -0.66105556 -0.56992024 -0.62696624 -0.2542552 -0.116625056 0.3202318 
0.6287296 0.86099756 0.8744885 0.9019592 0.86033934 0.8669451 0.89247763 0.9164284 0.9118015 0.948738 1.0 0.8808404 0.31839755 -0.49094924 -0.28486127 0.22400837 0.14487626 -0.44987983 -0.53942364 -0.4226471 0.59239686 0.8469859 0.8553262 0.57776195 0.14705671 0.59782046 0.89464587 0.8751324 0.7687604 -0.5198112 -0.5457212 -0.64757395 -0.2949467 0.71633464 0.83561474 0.85788286 0.8103037 0.73507684 0.5282323 -0.34079507 -0.63983727 -0.6024328 -0.694308 -0.6581278 -0.61812985 -0.61290973 -0.6635495 -0.6576241 -0.68906057 0.075547546 NaN NaN NaN NaN NaN -0.54382014 -0.5111253 -0.49473125 -0.49757844 -0.43759626 -0.34140274 -0.46369624 -0.2987826 -0.23192886 -0.34730422 -0.3070105 -0.31205615 -0.19005725 -0.29098824 -0.08327163 -0.48511675 -0.20504457 0.23650233 -0.35759413 -0.46584618 -0.5853677 -0.5879053 0.42313164 0.5808661 0.53281105 -0.21964946 0.29686862 0.4032387 0.17557612 -0.08357699 0.5298676 0.43363616 0.42676336 0.3623304 0.11353412 0.3859733 0.3794326 0.377671 0.40513855 0.40759212 0.38321936 0.2411507 0.21637557 0.37454844 0.39016613 0.21940258 -0.55739784 -0.39522073 -0.4805532 -0.66350764 -0.48735568 -0.5116868 -0.6770861 -0.66130435 -0.5464264 -0.58189344 -0.16672489 -0.6104646 -0.6660841 -0.60394686 -0.65520746 -0.29687333 -0.16058335 0.32354036 
0.5538608 0.9081147 0.8054854 0.7833713 0.7352722 0.734349 0.75901246 0.7516079 0.8151755 0.8722207 0.8808404 1.0 0.6229821 -0.4542543 -0.20480305 0.48831898 0.43354717 -0.29989144 -0.50297934 -0.23471603 0.8609945 0.91805714 0.8583357 0.618736 0.1841468 0.68316203 0.8662428 0.8033925 0.87676746 -0.3790984 -0.38008654 -0.65858984 -0.0075907935 0.80760306 0.78382206 0.7141019 0.72067374 0.7128597 0.70809513 -0.050612587 -0.6196584 -0.64982414 -0.67936593 -0.63422114 -0.6384195 -0.6226691 -0.6264194 -0.634983 -0.66025597 -0.1999646 NaN NaN NaN NaN NaN -0.45744666 -0.500775 -0.4840827 -0.47790354 -0.4490739 -0.31778845 -0.50921583 -0.39410216 -0.23400067 -0.48708257 -0.36185575 -0.3569141 -0.25158244 -0.4132376 0.068903886 -0.5083707 -0.19200514 0.4843606 -0.080453135 -0.3401189 -0.52028596 -0.4720006 0.5845991 0.623792 0.57955074 -0.32826468 0.32149348 0.37034076 0.11763438 -0.18586174 0.46789426 0.15124656 0.17425053 0.28179267 0.018584998 0.3062774 0.27529985 0.2506596 0.18750988 0.26707196 0.28975484 0.10055025 0.09596468 0.29560387 0.32367286 0.32972544 -0.55780214 -0.44781804 -0.54240876 -0.68916345 -0.37324262 -0.4258484 -0.67783725 -0.6959886 -0.5314862 -0.65907985 0.015510083 -0.56996536 -0.6780096 -0.65046006 -0.5815214 -0.17699924 -0.021586142 0.28224325 
0.44429788 0.47942492 0.22776903 0.19498694 0.14650682 0.2015114 0.20103376 0.20638458 0.25889918 0.29965594 0.31839755 0.6229821 1.0 0.18316832 0.45798677 0.931411 0.92169666 0.37860394 0.030330312 0.3934149 0.7675039 0.4200826 0.3164858 0.33055225 0.16409266 0.38699833 0.34763604 0.34261686 0.4922535 0.31188804 0.3392304 -0.0895785 0.5845594 0.44769627 0.21766803 0.07581847 0.062216323 0.08429504 0.38933322 0.41027418 -0.17045254 -0.32372797 -0.20381503 -0.20352156 -0.28941566 -0.26944202 -0.17814414 -0.20216721 -0.20469035 -0.5535176 NaN NaN NaN NaN NaN 0.072968215 0.04050896 0.036270685 0.12578191 0.104978204 0.22361471 -0.0056182714 -0.12810099 0.21294 -0.22714926 -0.07596033 0.018803708 0.05395777 -0.15059927 0.43469897 -0.004805504 0.18992777 0.6296882 0.39984238 0.05094571 -0.08063722 0.0014765853 0.29172128 0.09376285 0.20027491 -0.10169808 0.05174429 -0.05708407 -0.076814406 -0.101633035 -0.0578068 -0.39278495 -0.4013188 -0.22712481 -0.3699153 -0.28747076 -0.34122166 -0.34723136 -0.4165984 -0.35953102 -0.3207631 -0.41684753 -0.400895 -0.30028075 -0.27603456 -0.014215358 -0.24307667 -0.2545762 -0.29281053 -0.3509209 -0.17386076 -0.26569265 -0.41635117 -0.4564794 -0.28438565 -0.4859069 -0.008794771 -0.39537346 -0.3856936 -0.4333144 -0.31172287 -0.17210266 -0.11740453 -0.26691294 
-0.0970337 -0.45994815 -0.52627355 -0.5068964 -0.5209883 -0.46916518 -0.48673284 -0.44996938 -0.4818658 -0.4989041 -0.49094924 -0.4542543 0.18316832 1.0 0.8358698 0.28248104 0.30895263 0.8897624 0.8847302 0.7305419 -0.33149943 -0.5444048 -0.5664809 -0.3534805 -0.013399478 -0.39729995 -0.5711909 -0.501478 -0.60725474 0.7809971 0.71505785 0.8014997 0.3073002 -0.6168125 -0.68596256 -0.6972516 -0.7130657 -0.7076222 -0.61399394 0.21335813 0.6739711 0.6211653 0.65266275 0.61867434 0.6216267 0.63173664 0.63598835 0.6338588 0.61967736 -0.16150492 NaN NaN NaN NaN NaN 0.73567593 0.81716126 0.82487047 0.81463087 0.73619217 0.52497715 0.7272558 0.3652344 0.33066535 0.43811297 0.32313362 0.38697127 0.24813412 0.37637067 0.09980887 0.6778395 0.36526424 -0.183781 0.34132975 0.4436013 0.6276539 0.53080434 -0.69757885 -0.77050847 -0.6896773 0.27631387 -0.6311588 -0.69500244 -0.44421685 0.01786449 -0.74842554 -0.57793885 -0.6399731 -0.72179854 -0.5262189 -0.75678617 -0.71146756 -0.69289196 -0.66858274 -0.718447 -0.7290174 -0.69570285 -0.70932716 -0.7331762 -0.7327386 -0.66473496 0.23419824 0.09940532 0.25816622 0.39070332 0.05159192 -0.0038600455 0.32581612 0.3147944 0.13558623 0.3659338 -0.40878466 0.1663186 0.35151932 0.43512273 0.23096262 -0.23307347 -0.32811454 -0.750364 
0.21895696 -0.24587697 -0.3464368 -0.33419928 -0.35521385 -0.28440672 -0.29733494 -0.26059678 -0.30921754 -0.32001334 -0.28486127 -0.20480305 0.45798677 0.8358698 1.0 0.5950209 0.59872514 0.8505043 0.7296192 0.74964035 -0.0492674 -0.3449233 -0.37513164 -0.13527821 0.12611307 -0.18325213 -0.33807963 -0.25278908 -0.31918553 0.7228246 0.6832588 0.6080242 0.42925397 -0.38147894 -0.50803894 -0.53711855 -0.5913084 -0.58660597 -0.45151797 0.2583168 0.4417627 0.35255378 0.41442552 0.37664938 0.3313673 0.32835323 0.3722218 0.37544677 0.3865397 -0.12868369 NaN NaN NaN NaN NaN 0.5446152 0.5898538 0.57522535 0.64067286 0.5952217 0.5352211 0.57734966 0.3388692 0.47293118 0.3590165 0.31362632 0.4080666 0.34522393 0.3394045 0.2853163 0.5372261 0.37063748 0.0073569836 0.35397398 0.38378194 0.4469707 0.41777503 -0.485758 -0.6290373 -0.49473408 0.22656758 -0.48310918 -0.5792264 -0.3422452 0.036686443 -0.6391789 -0.48656282 -0.54425865 -0.64453894 -0.51879585 -0.73651785 -0.72724664 -0.7084931 -0.6640902 -0.7296095 -0.72984034 -0.6759996 -0.706332 -0.7421605 -0.7481238 -0.63345546 0.10036063 0.050250005 0.1404893 0.20894915 0.0069254283 -0.054108918 0.1471074 0.121649146 0.05456026 0.1434118 -0.34587002 -0.014190772 0.19010057 0.20924771 0.09518499 -0.25234666 -0.36323556 -0.64915097 
0.4610739 0.33724004 0.098830484 0.08546934 0.034443926 0.09624758 0.09987826 0.13343842 0.14400974 0.17097692 0.22400837 0.48831898 0.931411 0.28248104 0.5950209 1.0 0.95577323 0.45126706 0.10642522 0.4249974 0.6610208 0.28591776 0.18147676 0.2037582 0.0815108 0.23582418 0.2387987 0.27067536 0.37471402 0.3868175 0.41393167 0.032209415 0.56309307 0.32686454 0.09991699 -0.02008298 -0.070898205 -0.06935887 0.21748109 0.28528792 -0.1716698 -0.3088875 -0.18359719 -0.20365323 -0.27472195 -0.2624529 -0.17738047 -0.1982329 -0.1931943 -0.50328237 NaN NaN NaN NaN NaN 0.078749456 0.11736546 0.10844296 0.24018179 0.25187927 0.3781554 0.15575315 0.029189676 0.3637255 -0.051816016 0.06953075 0.19303297 0.24192776 0.05070637 0.4964787 0.14938582 0.34220326 0.60404897 0.31801522 0.0052128574 -0.084216766 -0.019210087 0.19037981 -9.0893457E-4 0.16921653 0.09956454 0.04404507 -0.08043349 0.011190646 0.086207114 -0.092354625 -0.35482654 -0.39513808 -0.3265719 -0.45070997 -0.3873003 -0.41420546 -0.4020707 -0.41986078 -0.42908472 -0.40496966 -0.4322346 -0.4174313 -0.3834432 -0.36270893 -0.11603826 -0.11437477 -0.09661476 -0.13960843 -0.23127294 -0.22394486 -0.30817193 -0.38332912 -0.35905233 -0.14762256 -0.38205987 -0.035048936 -0.3282711 -0.2838312 -0.37210238 -0.2903188 -0.26527396 -0.24636607 -0.35806772 
0.39804417 0.27891213 0.033764213 0.012794577 -0.027285581 0.01874932 0.023045935 0.048717584 0.07073981 0.10163045 0.14487626 0.43354717 0.92169666 0.30895263 0.59872514 0.95577323 1.0 0.5148513 0.15093021 0.47803295 0.65043527 0.24237831 0.13019459 0.16930686 0.08210863 0.20283051 0.17384024 0.19371119 0.33404732 0.41832778 0.45386058 0.06333214 0.58506346 0.26280603 0.016015023 -0.1048893 -0.14370996 -0.11669836 0.18351512 0.33131486 -0.1270958 -0.26532263 -0.14422591 -0.15675353 -0.24004398 -0.2257061 -0.13752957 -0.15608324 -0.14923185 -0.49338812 NaN NaN NaN NaN NaN 0.11695395 0.141519 0.12521982 0.25324112 0.2540997 0.38314435 0.17070714 0.055093937 0.38521597 -0.028286323 0.1077438 0.21744925 0.2507429 0.06441738 0.5348779 0.16867693 0.33279592 0.5803572 0.3817045 0.060551774 -0.02594837 0.04607484 0.19198123 -0.045008942 0.120207354 0.07605542 -0.012769621 -0.111056864 -0.011816485 0.055897985 -0.15105118 -0.40398726 -0.4350816 -0.36403272 -0.48114976 -0.41374364 -0.44259277 -0.4421988 -0.46661797 -0.45479995 -0.423932 -0.46774316 -0.44640934 -0.41038436 -0.39657682 -0.12939827 -0.096010596 -0.07567046 -0.1131131 -0.18467347 -0.16964582 -0.25275388 -0.32398397 -0.30883726 -0.11790679 -0.32585552 -0.0023403103 -0.2655734 -0.21990994 -0.3082828 -0.2148666 -0.23754275 -0.22607884 -0.36294377 
-0.03561591 -0.30543444 -0.43894985 -0.45123196 -0.46002325 -0.42912275 -0.4436741 -0.44469318 -0.4251129 -0.42520764 -0.44987983 -0.29989144 0.37860394 0.8897624 0.8505043 0.45126706 0.5148513 1.0 0.9028236 0.8964927 -0.04339724 -0.3615559 -0.4106031 -0.1618433 0.1532511 -0.18068507 -0.44685742 -0.42051926 -0.38670716 0.7818702 0.7508919 0.6597859 0.47332147 -0.45729637 -0.60798794 -0.6560807 -0.6323884 -0.58455974 -0.42237958 0.40909013 0.62490094 0.52570873 0.5609302 0.55031765 0.5068734 0.51164055 0.54190177 0.54342335 0.5319044 -0.20529744 NaN NaN NaN NaN NaN 0.72794926 0.70967686 0.71219397 0.68245417 0.55911106 0.40490645 0.5401954 0.21291007 0.26685935 0.24668261 0.20707473 0.25057003 0.12491891 0.17827092 0.15982185 0.49746522 0.2077876 -0.078703776 0.52036315 0.5449498 0.64556426 0.58267796 -0.5126134 -0.67004776 -0.6134495 0.044726353 -0.5806459 -0.6881633 -0.50339645 -0.16617984 -0.70967853 -0.66327506 -0.6896295 -0.65401614 -0.5067231 -0.7085487 -0.6845068 -0.6798437 -0.7119129 -0.6988367 -0.6898997 -0.7161567 -0.7234832 -0.6951368 -0.70264447 -0.57091314 0.077929474 -0.061292373 0.071579434 0.23593514 0.1268799 0.053768553 0.27213582 0.16912682 0.0045949207 0.20579131 -0.331793 0.060508292 0.2139193 0.3076368 0.19197918 -0.14921144 -0.22843762 -0.6606998 
-0.18543302 -0.46381998 -0.49853158 -0.4994661 -0.49549899 -0.4583268 -0.48712927 -0.49605617 -0.491394 -0.50539684 -0.53942364 -0.50297934 0.030330312 0.8847302 0.7296192 0.10642522 0.15093021 0.9028236 1.0 0.8453319 -0.32356942 -0.49810508 -0.5078114 -0.21277723 0.20704079 -0.25936124 -0.56940883 -0.5374535 -0.57531404 0.694726 0.617312 0.71259075 0.22472523 -0.6334471 -0.6874218 -0.685039 -0.65428984 -0.61974126 -0.569379 0.31674722 0.7761012 0.7235679 0.6853903 0.6861444 0.6708158 0.67099357 0.6612607 0.68092847 0.6684611 -0.0022505117 NaN NaN NaN NaN NaN 0.78181666 0.7196426 0.73515916 0.6382733 0.49263325 0.2536753 0.5103043 0.19805399 0.095181994 0.27108124 0.1606673 0.15489852 -0.009610742 0.14582592 -0.10876367 0.463543 0.056019165 -0.37887397 0.4345212 0.6323275 0.76957095 0.65922153 -0.6851686 -0.7502095 -0.7720214 -0.012568837 -0.7020858 -0.77532864 -0.6191653 -0.2583362 -0.76124066 -0.57578635 -0.59598166 -0.58286256 -0.3556858 -0.6302268 -0.5931963 -0.5894251 -0.6070689 -0.603841 -0.6061498 -0.62129426 -0.64015883 -0.6167294 -0.6263652 -0.6057155 0.10897839 -0.055981345 0.114139624 0.34959114 0.24870943 0.19787584 0.4805806 0.3395391 0.035628323 0.39738452 -0.4015236 0.19634968 0.3501162 0.5189123 0.31539494 -0.060997665 -0.15749499 -0.6051509 
0.009008223 -0.25539792 -0.3963268 -0.41825727 -0.42665383 -0.35085434 -0.40015423 -0.43446383 -0.39404958 -0.38114414 -0.4226471 -0.23471603 0.3934149 0.7305419 0.74964035 0.4249974 0.47803295 0.8964927 0.8453319 1.0 0.0699194 -0.27422315 -0.32111686 0.07946502 0.44578785 0.054249566 -0.39468014 -0.39270893 -0.2917935 0.6892346 0.6460305 0.49742243 0.46567765 -0.3566369 -0.53346455 -0.59615415 -0.55397475 -0.50549203 -0.29733083 0.61322546 0.6397846 0.495146 0.54574656 0.5787886 0.4905872 0.49592882 0.55822784 0.5588917 0.5382314 -0.2630304 NaN NaN NaN NaN NaN 0.7800042 0.58012617 0.5839182 0.5303019 0.36211324 0.23260458 0.32569325 0.0332722 0.09766943 0.027321637 0.031522993 0.047156457 -0.09282483 -0.06770293 0.04465161 0.2955662 -0.009897601 -0.1243593 0.7108218 0.77037793 0.75477046 0.73453635 -0.41137114 -0.62612987 -0.61638904 -0.17149155 -0.55371284 -0.72922355 -0.6277638 -0.3758626 -0.6978392 -0.6959721 -0.6850882 -0.48406652 -0.31199598 -0.6085921 -0.6220861 -0.6199235 -0.6832447 -0.6374665 -0.6224603 -0.6780803 -0.6746208 -0.61882895 -0.6245593 -0.49084017 -0.04179285 -0.20572731 -0.08162638 0.16937706 0.35242996 0.24598944 0.34509 0.11912137 -0.104409605 0.12193251 -0.31841078 0.018082818 0.1605962 0.28134215 0.22655934 0.04671292 -0.0395666 -0.60321194 
0.4514501 0.75877875 0.5657465 0.5103431 0.47790098 0.4697022 0.48487687 0.45065153 0.5486111 0.60415196 0.59239686 0.8609945 0.7675039 -0.33149943 -0.0492674 0.6610208 0.65043527 -0.04339724 -0.32356942 0.0699194 1.0 0.82194805 0.7080864 0.58638936 0.27033734 0.67721254 0.6925031 0.6049775 0.8503631 -0.15053669 -0.10746442 -0.5434627 0.2917222 0.74792325 0.57937795 0.46499592 0.50402784 0.55249816 0.70993716 0.25365683 -0.4719105 -0.5616054 -0.5414566 -0.48745438 -0.54232186 -0.52595156 -0.4833816 -0.49648276 -0.51522666 -0.33893073 NaN NaN NaN NaN NaN -0.25273278 -0.37742728 -0.36946908 -0.35702324 -0.37542084 -0.22642379 -0.45123908 -0.39153153 -0.15892124 -0.5156607 -0.34069988 -0.33782563 -0.26313093 -0.46332595 0.18950738 -0.44930482 -0.17567152 0.5907442 0.22634232 -0.10918163 -0.32532313 -0.24430048 0.6272396 0.5303366 0.5097272 -0.38540393 0.30395538 0.25674927 0.041824926 -0.2556151 0.34038243 -0.08798647 -0.043593764 0.17821164 -0.068318665 0.17848136 0.13880432 0.11046289 -0.011886621 0.104488045 0.15525594 -0.028173095 -0.021317063 0.16749156 0.18585408 0.32247642 -0.5012783 -0.44614774 -0.539079 -0.61986965 -0.21192236 -0.29317418 -0.5736836 -0.653488 -0.48923627 -0.6469493 0.10685487 -0.4971337 -0.61300266 -0.5961254 -0.45141795 -0.086694986 0.04140778 0.19114539 
0.46253815 0.9206833 0.88207155 0.83991843 0.81415385 0.760536 0.79709053 0.75230914 0.855096 0.897016 0.8469859 0.91805714 0.4200826 -0.5444048 -0.3449233 0.28591776 0.24237831 -0.3615559 -0.49810508 -0.27422315 0.82194805 1.0 0.9462156 0.66587263 0.24605556 0.7394922 0.88737065 0.76997083 0.8755909 -0.48271054 -0.47830766 -0.7096285 -0.13797417 0.75154644 0.783117 0.7466615 0.8152714 0.8363379 0.68898296 -0.12840958 -0.61002076 -0.61158013 -0.6872838 -0.62526155 -0.61252147 -0.5989468 -0.62877077 -0.62999403 -0.66931176 -0.04531578 NaN NaN NaN NaN NaN -0.47297853 -0.5398718 -0.5213812 -0.56280303 -0.5480405 -0.4503716 -0.5853011 -0.42943695 -0.36777043 -0.51699895 -0.41358352 -0.45619494 -0.36622113 -0.48189008 -0.07253654 -0.5932636 -0.33925295 0.3196891 -0.13500667 -0.3180521 -0.494039 -0.47599667 0.56387013 0.6631645 0.5531919 -0.41486338 0.33823895 0.408259 0.10477042 -0.2544587 0.5237272 0.2150687 0.25624818 0.38631177 0.11794668 0.44771007 0.45659697 0.41920567 0.3011143 0.4237717 0.45060402 0.20054375 0.18626034 0.44248736 0.44407493 0.34120166 -0.66339713 -0.5332266 -0.61113167 -0.73814774 -0.3856154 -0.43581912 -0.65981996 -0.71155274 -0.6038515 -0.6322225 -0.049373727 -0.5788627 -0.6970663 -0.61706793 -0.5990645 -0.19006978 -0.018585531 0.39260408 
0.5021285 0.9317315 0.93268424 0.9025538 0.8930479 0.8483737 0.8744249 0.8112072 0.9066813 0.9287502 0.8553262 0.8583357 0.3164858 -0.5664809 -0.37513164 0.18147676 0.13019459 -0.4106031 -0.5078114 -0.32111686 0.7080864 0.9462156 1.0 0.7485192 0.32380942 0.80376023 0.88540655 0.7594681 0.82405955 -0.54949296 -0.53049976 -0.7253197 -0.22536512 0.70028806 0.7965862 0.7958536 0.86508834 0.86069137 0.632219 -0.1847418 -0.60469055 -0.59120476 -0.6864647 -0.62367254 -0.606746 -0.59891677 -0.6377889 -0.6334041 -0.6779104 0.062355667 NaN NaN NaN NaN NaN -0.49025154 -0.55266374 -0.5386403 -0.5852372 -0.5686126 -0.47751775 -0.596731 -0.42433363 -0.37663242 -0.4987913 -0.41843277 -0.47085813 -0.3777625 -0.4802255 -0.13338172 -0.61427945 -0.3896734 0.21715148 -0.18230903 -0.30222198 -0.47976327 -0.4584255 0.5052963 0.6288904 0.51085424 -0.42771837 0.3112248 0.40142027 0.08844436 -0.2704368 0.5296534 0.29194796 0.3364192 0.48262775 0.25303584 0.5279362 0.51271576 0.48056924 0.36498347 0.48782158 0.4907846 0.23507765 0.2273651 0.47185963 0.46233067 0.2892908 -0.7054572 -0.566507 -0.636793 -0.7582267 -0.38639325 -0.43510625 -0.6526805 -0.7260968 -0.65129316 -0.6333307 -0.13930328 -0.62474835 -0.71320707 -0.61258847 -0.63343817 -0.19204639 -0.038240574 0.41133744 
0.5553078 0.69376105 0.6582574 0.63329697 0.6448814 0.72946846 0.6609951 0.5569333 0.63676775 0.65692264 0.57776195 0.618736 0.33055225 -0.3534805 -0.13527821 0.2037582 0.16930686 -0.1618433 -0.21277723 0.07946502 0.58638936 0.66587263 0.7485192 1.0 0.81930393 0.9497043 0.59369737 0.46695814 0.56326187 -0.37917566 -0.35961136 -0.5802132 -0.12711534 0.47085488 0.5063486 0.50235623 0.5725403 0.5707768 0.45031407 0.16027449 -0.29967314 -0.35756993 -0.4089545 -0.33185604 -0.38282615 -0.374651 -0.3692559 -0.362674 -0.40900174 0.030356333 NaN NaN NaN NaN NaN -0.11829443 -0.3609254 -0.3569379 -0.4215758 -0.4796006 -0.43060264 -0.5119668 -0.4256255 -0.35761344 -0.49496752 -0.41637915 -0.47867492 -0.44313416 -0.5344309 -0.1886022 -0.5317265 -0.47714794 0.04508265 0.24033375 0.24230833 -0.0050679897 0.053898327 0.3288642 0.29538304 0.1680925 -0.5405236 0.083754495 0.029951895 -0.23440048 -0.48264593 0.18510385 0.083462484 0.15219945 0.5247201 0.4882328 0.3725265 0.25018874 0.2232094 0.10741926 0.23335849 0.2423732 0.026669871 0.024998253 0.2246656 0.20757799 0.07651793 -0.69585264 -0.6495737 -0.6702193 -0.62121344 0.0032710466 -0.09027791 -0.35720083 -0.6003737 -0.6708746 -0.5527292 -0.28925264 -0.59677154 -0.59381306 -0.4519155 -0.4530115 0.060870074 0.12777463 0.20655493 
0.39531705 0.27522925 0.25360665 0.22551785 0.24978934 0.38547325 0.2776081 0.16237988 0.22122589 0.22475024 0.14705671 0.1841468 0.16409266 -0.013399478 0.12611307 0.0815108 0.08210863 0.1532511 0.20704079 0.44578785 0.27033734 0.24605556 0.32380942 0.81930393 1.0 0.76380754 0.1608648 0.066576965 0.15503134 -0.0912612 -0.094455846 -0.22974809 -0.05940416 0.057663042 0.05856313 0.07304392 0.14612389 0.16587663 0.10008089 0.3818468 0.14642806 0.06290532 0.01293539 0.09321305 0.013087497 0.01878496 0.03520615 0.05232125 0.0099595385 0.10374828 NaN NaN NaN NaN NaN 0.3055124 -0.029552389 -0.03067831 -0.12932704 -0.26112115 -0.30159652 -0.26557797 -0.28357968 -0.28168312 -0.32276845 -0.2996613 -0.3779758 -0.42565858 -0.43604526 -0.27448484 -0.3090174 -0.4842669 -0.2487705 0.4898206 0.64075136 0.43796593 0.4766374 -0.032600842 -0.13266951 -0.26678526 -0.52404964 -0.23557329 -0.35234007 -0.51713586 -0.5809583 -0.2175357 -0.14403461 -0.07722845 0.3173795 0.46348077 0.0862246 -0.04472293 -0.062320426 -0.15418811 -0.055282325 -0.046279196 -0.19416988 -0.21287888 -0.0696677 -0.09715823 -0.2015008 -0.5211521 -0.56431293 -0.5113087 -0.3038277 0.34653145 0.229957 0.06292772 -0.28320155 -0.5221711 -0.2458517 -0.39693296 -0.37087846 -0.27476686 -0.08836952 -0.1404822 0.18902795 0.16277775 -0.038006283 
0.52680063 0.75602067 0.69972605 0.6628564 0.6637731 0.7204014 0.66697496 0.5631209 0.6684962 0.6892392 0.59782046 0.68316203 0.38699833 -0.39729995 -0.18325213 0.23582418 0.20283051 -0.18068507 -0.25936124 0.054249566 0.67721254 0.7394922 0.80376023 0.9497043 0.76380754 1.0 0.64419085 0.5093332 0.6495413 -0.3629941 -0.33085495 -0.6057053 -0.052865554 0.5605405 0.5751395 0.5492359 0.63501894 0.65017986 0.56603146 0.22089295 -0.32324123 -0.39289463 -0.44463265 -0.3620543 -0.4209762 -0.4060857 -0.39799756 -0.3904929 -0.43957472 -0.03796788 NaN NaN NaN NaN NaN -0.141398 -0.38796595 -0.3803876 -0.45029455 -0.51473266 -0.45833305 -0.5600148 -0.47949216 -0.3969594 -0.5691512 -0.46651918 -0.5340752 -0.49695775 -0.59889954 -0.1795694 -0.5783858 -0.48868018 0.12764862 0.2510916 0.19386764 -0.06276532 0.013593851 0.39482537 0.3681403 0.23908742 -0.5780232 0.1279182 0.086633645 -0.21268761 -0.49545968 0.24109659 0.046527665 0.124063276 0.525785 0.4719935 0.39067462 0.2853889 0.25817013 0.117041856 0.2604317 0.27896607 0.040869717 0.03392879 0.264093 0.24316062 0.14404221 -0.72950476 -0.6890119 -0.7186187 -0.67378443 -0.0047077797 -0.10966195 -0.40252 -0.6577177 -0.70886075 -0.60704374 -0.23380302 -0.6115901 -0.6369695 -0.49085984 -0.4684969 0.060587395 0.15275256 0.23735984 
0.5506032 0.87270564 0.8706469 0.85477436 0.8294865 0.80343205 0.834671 0.8271829 0.8655056 0.8853477 0.89464587 0.8662428 0.34763604 -0.5711909 -0.33807963 0.2387987 0.17384024 -0.44685742 -0.56940883 -0.39468014 0.6925031 0.88737065 0.88540655 0.59369737 0.1608648 0.64419085 1.0 0.9406685 0.8795761 -0.5101885 -0.5057363 -0.6973918 -0.1699248 0.7948243 0.874712 0.8623939 0.8612159 0.8209856 0.64513487 -0.23880862 -0.674498 -0.6597708 -0.73584527 -0.69425637 -0.6775272 -0.67352134 -0.7045404 -0.701362 -0.72416633 0.045633685 NaN NaN NaN NaN NaN -0.5633459 -0.57370585 -0.55900365 -0.5674057 -0.52319634 -0.40428233 -0.55804133 -0.3804304 -0.27301976 -0.4414288 -0.37090442 -0.38782394 -0.2513728 -0.38328856 -0.03731318 -0.56086403 -0.24755347 0.3453308 -0.27054814 -0.44136557 -0.60794145 -0.5798814 0.56468284 0.709627 0.6537538 -0.26695144 0.43601468 0.5263619 0.25544038 -0.103918575 0.6390734 0.43681177 0.46032384 0.45825717 0.15561625 0.5033595 0.49721894 0.4938716 0.4497046 0.5061777 0.5029468 0.3340591 0.31384492 0.4858084 0.49269977 0.3442837 -0.63614404 -0.48103344 -0.58639574 -0.77291036 -0.49151212 -0.52045643 -0.7389574 -0.7452739 -0.5926545 -0.6754882 -0.08244899 -0.63213545 -0.7400214 -0.68192244 -0.67507684 -0.2649511 -0.10753277 0.42602608 
0.598407 0.7676521 0.7640088 0.770468 0.7379214 0.7314125 0.7654292 0.7938914 0.7817443 0.80112344 0.8751324 0.8033925 0.34261686 -0.501478 -0.25278908 0.27067536 0.19371119 -0.42051926 -0.5374535 -0.39270893 0.6049775 0.76997083 0.7594681 0.46695814 0.066576965 0.5093332 0.9406685 1.0 0.82987934 -0.40783447 -0.43170804 -0.5846672 -0.14747317 0.7771124 0.85356987 0.84184605 0.777354 0.70466495 0.56681913 -0.2746801 -0.6518147 -0.63681763 -0.7123623 -0.6896475 -0.664817 -0.6655874 -0.69430447 -0.6855379 -0.6990249 0.04567748 NaN NaN NaN NaN NaN -0.5394218 -0.5069201 -0.49335513 -0.46815842 -0.40168858 -0.2740013 -0.43881738 -0.26738492 -0.14574142 -0.3325141 -0.2845674 -0.27012348 -0.11574823 -0.2531432 0.016727053 -0.44630602 -0.11166873 0.3582391 -0.33889505 -0.48729196 -0.62672 -0.60485154 0.49079028 0.6496336 0.64327765 -0.1170448 0.4383738 0.51163524 0.32926732 0.048206598 0.61477816 0.4917505 0.4788143 0.3744805 0.080155924 0.40505704 0.40013835 0.41356 0.4505633 0.43000367 0.40539056 0.3084109 0.29459664 0.39989755 0.42262328 0.2799574 -0.5216153 -0.35347342 -0.467073 -0.6865768 -0.54274887 -0.55956024 -0.728517 -0.6850499 -0.5044155 -0.6251558 -0.1031734 -0.60470283 -0.6820631 -0.6549414 -0.67459387 -0.34474492 -0.21778099 0.3346611 
0.5035163 0.8339749 0.74262047 0.70668703 0.6820918 0.64392287 0.6797514 0.65077263 0.7192492 0.7569119 0.7687604 0.87676746 0.4922535 -0.60725474 -0.31918553 0.37471402 0.33404732 -0.38670716 -0.57531404 -0.2917935 0.8503631 0.8755909 0.82405955 0.56326187 0.15503134 0.6495413 0.8795761 0.82987934 1.0 -0.41180986 -0.3981293 -0.7101204 0.07300535 0.88856804 0.83943987 0.77643454 0.78341746 0.7941361 0.82048905 0.019081164 -0.6515357 -0.67814267 -0.7141093 -0.6731576 -0.7006645 -0.6952166 -0.6895134 -0.6895813 -0.695572 -0.07453912 NaN NaN NaN NaN NaN -0.52072513 -0.5990324 -0.5892822 -0.5771205 -0.54733735 -0.37100267 -0.5993067 -0.41829205 -0.2305439 -0.5322516 -0.40452453 -0.41803724 -0.27345482 -0.4719491 0.06696394 -0.6144991 -0.25422624 0.51170176 -0.10045022 -0.36743945 -0.59164107 -0.5188067 0.7147735 0.76092345 0.71427095 -0.35125807 0.49894655 0.5322018 0.24842411 -0.15325843 0.6262972 0.27454346 0.33219796 0.41282067 0.108392686 0.4580106 0.4295798 0.4076907 0.3369667 0.43111214 0.4471477 0.27879962 0.26146793 0.44297737 0.4626686 0.4698072 -0.57129735 -0.4483886 -0.5861877 -0.7467641 -0.35159615 -0.38950515 -0.6960234 -0.7361536 -0.53462046 -0.7170104 0.12528259 -0.57033485 -0.7200245 -0.703097 -0.5751952 -0.13487709 0.015725024 0.47107995 
-0.12377324 -0.41260713 -0.54452825 -0.5413624 -0.5769621 -0.5297915 -0.5377679 -0.50681984 -0.51951414 -0.52314156 -0.5198112 -0.3790984 0.31188804 0.7809971 0.7228246 0.3868175 0.41832778 0.7818702 0.694726 0.6892346 -0.15053669 -0.48271054 -0.54949296 -0.37917566 -0.0912612 -0.3629941 -0.5101885 -0.40783447 -0.41180986 1.0 0.94566375 0.8418672 0.66872895 -0.34959248 -0.5493409 -0.6318037 -0.6659373 -0.64666504 -0.37647834 0.459188 0.63201857 0.50615364 0.6010354 0.5407983 0.48797584 0.49457443 0.57255113 0.5670789 0.58958954 -0.3759173 NaN NaN NaN NaN NaN 0.6756165 0.7081214 0.707998 0.75616485 0.6848263 0.59363836 0.63956505 0.32297873 0.40930855 0.30928022 0.27822536 0.36927202 0.28757456 0.30398 0.28746387 0.62088704 0.43715686 0.096199736 0.41395843 0.3841547 0.49710634 0.50223917 -0.4666341 -0.62541515 -0.4729758 0.30697402 -0.3880927 -0.54503185 -0.26908675 0.11097405 -0.6247948 -0.6252418 -0.7007652 -0.7330719 -0.6053654 -0.7722731 -0.7421492 -0.7260129 -0.70199084 -0.752814 -0.7464543 -0.6938151 -0.6757151 -0.7371925 -0.7336878 -0.54646426 0.2458082 0.12173017 0.21748862 0.31262153 0.037156258 0.007615212 0.2598116 0.25006354 0.21833432 0.24553154 -0.19304721 0.17064734 0.3231521 0.31356177 0.25025547 -0.1585014 -0.27427644 -0.72296953 
-0.10083418 -0.38887048 -0.533309 -0.5343013 -0.5604687 -0.5226536 -0.53689706 -0.51348484 -0.515235 -0.53656894 -0.5457212 -0.38008654 0.3392304 0.71505785 0.6832588 0.41393167 0.45386058 0.7508919 0.617312 0.6460305 -0.10746442 -0.47830766 -0.53049976 -0.35961136 -0.094455846 -0.33085495 -0.5057363 -0.43170804 -0.3981293 0.94566375 1.0 0.81043965 0.74982417 -0.32582465 -0.5437897 -0.624713 -0.6457849 -0.6155852 -0.3336718 0.48254475 0.5686664 0.4499746 0.5595881 0.49551675 0.4300635 0.43436328 0.5231843 0.5167731 0.547475 -0.3686438 NaN NaN NaN NaN NaN 0.5921104 0.6257751 0.61669785 0.6914964 0.6416636 0.5953779 0.600612 0.31656748 0.4516128 0.2971163 0.29746374 0.3919517 0.3280254 0.31886995 0.37563053 0.6100232 0.47038847 0.16810533 0.423082 0.34638706 0.44205254 0.45598665 -0.41425818 -0.5934408 -0.4156652 0.31643385 -0.32353285 -0.4837955 -0.21702461 0.13515344 -0.591081 -0.61105734 -0.67941207 -0.6965775 -0.5893388 -0.74056345 -0.7237304 -0.7087437 -0.7019111 -0.74494165 -0.7323956 -0.6757646 -0.6538879 -0.7269815 -0.7303362 -0.5130964 0.25357798 0.13894594 0.21769018 0.30119562 0.04245153 0.0131705385 0.24573529 0.24974234 0.2599655 0.2451347 -0.11950505 0.1965628 0.33913568 0.30434114 0.26921389 -0.14028248 -0.26545587 -0.68130445 
