1.0 0.8633993 0.6952554 0.5981597 0.50347286 0.19953026 -0.13286795 0.38196716 0.48360348 0.4395925 0.15352595 -0.13718139 -0.09309654 -0.06824424 0.36839807 0.3882054 0.1992009 -0.18049824 -0.1860209 -0.18727793 -0.21022636 -0.18897535 -0.14765269 -0.20386742 -0.20246583 -0.22553487 -0.14655721 -0.14347002 -0.17163381 -0.18729222 -0.14375229 0.008977859 0.1587995 0.0047076265 0.4250866 0.44202477 0.4292178 0.39627245 0.35157916 0.02982728 -0.099065445 -0.22287229 -0.27957055 -0.17106545 -0.18959695 NaN NaN NaN NaN NaN -0.16715854 -0.16244021 -0.19030528 0.13827129 0.38884073 0.4821771 0.4549958 0.4978685 0.43974707 0.42177385 0.26824746 -0.18144272 -0.2213318 -0.19991177 -0.19966993 -0.1909872 -0.21443054 -0.26282874 -0.23812073 -0.0054397862 -0.018035127 0.14089057 0.2635667 0.42905006 0.43299064 0.45512807 0.49458477 0.3923612 0.42393738 0.4033159 0.45777887 0.4779166 0.50396603 0.48643842 0.48415384 0.4466246 0.44174734 0.37983266 0.37600854 0.330879 0.36966097 0.33950207 0.36103642 0.32943428 0.3163894 0.255181 0.1897728 -0.039735552 -0.4357592 -0.25225723 -0.23536979 -0.23316516 -0.24765454 -0.26701796 -0.23859878 -0.22850224 -0.3201417 -0.33047593 -0.29541254 -0.3523351 -0.36925024 -0.39904472 -0.38446262 -0.40570286 -0.44531572 -0.17994864 -0.0046071773 0.015890345 0.020272098 -0.019305551 -0.33939135 -0.03405456 0.052445356 0.06033626 0.049260758 0.046086263 -0.14762592 -0.26788896 -0.14548382 -0.17533726 -0.26884428 -0.3471661 -0.49559584 -0.36159816 -0.3233149 -0.3760856 -0.30123702 -0.23602222 -0.33328933 -0.3201592 -0.3804075 -0.48469803 -0.47474572 -0.2860145 -0.3293116 -0.45961535 -0.26670244 -0.14536567 -0.093352154 -0.12890701 -0.17109883 -0.26413167 -0.19684355 -0.2759286 -0.357404 -0.40942305 -0.16350073 -0.08875107 -0.039628338 -0.055617865 -0.03582126 -0.016802477 0.17318814 
0.8633993 1.0 0.9306566 0.87442476 0.82081705 0.15757784 -0.4066979 0.6319936 0.7559581 0.73698 0.25753936 -0.4361751 -0.3581307 -0.27262035 0.68216884 0.69861734 0.42146465 -0.43672478 -0.44951418 -0.45911214 -0.4818406 -0.44339085 -0.37429884 -0.44965994 -0.37415397 -0.45551345 -0.29440013 -0.3824326 -0.39267865 -0.38776276 -0.24409078 0.038664658 0.37678993 -0.21902457 0.6585788 0.7414206 0.7143958 0.64031035 0.54626423 0.10615766 -0.20330928 -0.42074028 -0.45591894 -0.37085494 -0.42234313 NaN NaN NaN NaN NaN -0.4383529 -0.25880533 -0.36710012 0.35886836 0.710588 0.7664223 0.6805202 0.72629476 0.698219 0.67099863 0.55480295 -0.19395974 -0.48808762 -0.4707576 -0.4713651 -0.45898402 -0.44245204 -0.46022937 -0.45668918 -0.11168277 -0.14036876 0.41109958 0.37752086 0.72149 0.699895 0.7023519 0.7257038 0.52796423 0.4743576 0.52336586 0.68880224 0.717268 0.73312026 0.6926728 0.6893177 0.676486 0.6710941 0.3280769 0.4619742 0.35066986 0.5492456 0.5152324 0.50118124 0.503279 0.5380759 0.4772676 0.45965454 0.21909307 -0.43443242 -0.494842 -0.4745985 -0.48427773 -0.5053063 -0.53434014 -0.4865098 -0.44603541 -0.55289865 -0.57153505 -0.5690101 -0.5806378 -0.57638556 -0.5471998 -0.57513833 -0.63680154 -0.4721598 0.05210503 0.23099105 0.2091648 0.21360148 0.1227392 -0.47181258 0.18358892 0.24639228 0.3229542 0.2597359 0.2044281 -0.20303154 -0.47268775 -0.097159095 -0.16442843 -0.16068411 -0.2107182 -0.4937891 -0.58908725 -0.5395962 -0.52728146 -0.51974654 -0.42022863 -0.5217436 -0.5329592 -0.51599956 -0.656931 -0.6423297 -0.53618646 -0.57430756 -0.61161405 -0.08059781 0.06672522 0.109824754 0.003202907 -0.021239769 -0.37259892 -0.035053868 -0.12260955 -0.5831412 -0.39805776 0.04478117 0.11742213 0.14049359 0.11126746 0.105376236 0.062484797 0.14949942 
0.6952554 0.9306566 1.0 0.9654013 0.89143807 0.06136007 -0.47211948 0.62458944 0.80660367 0.8010221 0.19288144 -0.5112526 -0.4390051 -0.36604816 0.7388319 0.7774595 0.4145401 -0.5223941 -0.5402239 -0.5347937 -0.563052 -0.508225 -0.4194776 -0.5118872 -0.48431396 -0.551498 -0.3618487 -0.46878853 -0.46743104 -0.44926634 -0.332928 -0.042322576 0.35002357 -0.288348 0.66098917 0.8061078 0.8050472 0.6780655 0.5567416 0.058264915 -0.2815577 -0.49724117 -0.5201997 -0.4082055 -0.48397562 NaN NaN NaN NaN NaN -0.49245465 -0.3673298 -0.44382432 0.37362 0.823977 0.8587057 0.7561898 0.78800625 0.76903826 0.7342973 0.59289193 -0.27806297 -0.5682268 -0.5424986 -0.53689075 -0.540119 -0.5361075 -0.5569191 -0.53917366 -0.21735993 -0.20251258 0.43150678 0.3984262 0.81987 0.8038305 0.7926916 0.8120734 0.5700928 0.48019204 0.56492305 0.7777323 0.80981874 0.8130991 0.77105504 0.7766711 0.75170285 0.72645646 0.31897 0.4799713 0.37171656 0.6035438 0.5817629 0.56362545 0.564565 0.6272464 0.5972943 0.6012613 0.29380736 -0.49087238 -0.54939985 -0.5272097 -0.5383115 -0.5617452 -0.5982627 -0.53431344 -0.48950425 -0.62399423 -0.64717233 -0.6312809 -0.6591777 -0.6500083 -0.61456245 -0.62968516 -0.6932815 -0.48757628 0.13491037 0.31784087 0.27455762 0.28281087 0.16555278 -0.48492774 0.24994618 0.31649655 0.43632692 0.37791073 0.2807156 -0.19219011 -0.49403393 -0.068934634 -0.13721348 -0.12478012 -0.18059747 -0.5331971 -0.64901036 -0.5940122 -0.6069224 -0.5793491 -0.4626509 -0.5795554 -0.5816349 -0.57287014 -0.72191375 -0.7069823 -0.5799498 -0.62472975 -0.65523905 0.0013625228 0.2042716 0.22953443 0.084731236 0.051782746 -0.35034522 0.023862552 -0.08059682 -0.6228581 -0.38295415 0.1572941 0.23537785 0.27104136 0.24223244 0.19212538 0.060041513 0.09845681 
0.5981597 0.87442476 0.9654013 1.0 0.9490398 0.07073545 -0.5353394 0.7033656 0.8866587 0.8850938 0.2636987 -0.57423335 -0.4940681 -0.3768385 0.8248126 0.8717207 0.5138217 -0.5652186 -0.5916367 -0.5955641 -0.62391406 -0.56984335 -0.48048916 -0.5703665 -0.50784636 -0.6001333 -0.39347988 -0.5326419 -0.52851593 -0.50601685 -0.34578317 0.0030698439 0.42329854 -0.315971 0.7292765 0.8690957 0.8677774 0.7242134 0.61332166 0.11150876 -0.2851339 -0.5421463 -0.5587301 -0.471251 -0.5458017 NaN NaN NaN NaN NaN -0.56681657 -0.359296 -0.4515792 0.4774557 0.90131676 0.90235466 0.7890756 0.8246339 0.8221973 0.802583 0.6969133 -0.23099509 -0.624854 -0.59837705 -0.5979461 -0.5927025 -0.5749349 -0.58553827 -0.57052714 -0.20598301 -0.1694599 0.5388352 0.44560114 0.86427987 0.8334524 0.80759895 0.8008244 0.5494627 0.44015232 0.53392196 0.756386 0.7818081 0.7926631 0.7444307 0.74989724 0.7355242 0.71509963 0.26993844 0.4502157 0.34240824 0.61032605 0.58687985 0.53849655 0.5514962 0.6378218 0.6300823 0.6398909 0.39511958 -0.44618058 -0.6121647 -0.5935038 -0.6078409 -0.6334049 -0.66822135 -0.60050255 -0.54325026 -0.6692286 -0.69453347 -0.69341016 -0.69492894 -0.6618264 -0.59779006 -0.6338402 -0.7184564 -0.42841095 0.23660752 0.40587565 0.3354419 0.3449875 0.21960941 -0.49979407 0.3181338 0.37460878 0.5160795 0.44931975 0.33520067 -0.1689035 -0.52332443 -0.017118232 -0.07794914 -0.035681337 -0.081242464 -0.47419193 -0.69823164 -0.64465296 -0.6254173 -0.6329331 -0.51285493 -0.6210196 -0.63927203 -0.5899175 -0.7368906 -0.71997285 -0.64364046 -0.68169296 -0.6616751 0.09195398 0.2840146 0.28937334 0.13106309 0.09925279 -0.35846967 0.08959182 -0.012960778 -0.6611122 -0.3466171 0.24044062 0.31091562 0.31192625 0.2536577 0.19546448 0.047355965 0.04381062 
0.50347286 0.82081705 0.89143807 0.9490398 1.0 0.22005944 -0.5519822 0.83730847 0.9453016 0.9487235 0.44840872 -0.5860808 -0.47156173 -0.29403445 0.91592264 0.9356773 0.6835139 -0.52152956 -0.5557305 -0.58434784 -0.6065177 -0.57503545 -0.51514316 -0.58002144 -0.3957347 -0.5469107 -0.35159028 -0.53184986 -0.5253266 -0.51721144 -0.25902134 0.15350872 0.59063494 -0.30277514 0.8030752 0.89417607 0.8533505 0.73133034 0.6766796 0.2358501 -0.20222759 -0.51045 -0.52969354 -0.5191214 -0.5722828 NaN NaN NaN NaN NaN -0.60540634 -0.21472 -0.36589566 0.6102171 0.893383 0.8696912 0.75558925 0.7870747 0.80040956 0.8075351 0.7850547 -0.047563538 -0.6049926 -0.6002833 -0.614568 -0.57879555 -0.5191257 -0.49068367 -0.50766706 -0.100195535 -0.08273082 0.6773592 0.4637984 0.82805264 0.7636262 0.7176523 0.69941086 0.46828067 0.33739427 0.44867072 0.63801575 0.66333836 0.6765247 0.6159859 0.61888623 0.63148016 0.6411483 0.18246877 0.38298586 0.22886467 0.5213189 0.49060565 0.4347721 0.4516362 0.54004115 0.52535015 0.5652935 0.44626823 -0.31183064 -0.642143 -0.6293476 -0.64366704 -0.66718936 -0.6933316 -0.6349551 -0.55735177 -0.6301224 -0.6602075 -0.70258975 -0.63714767 -0.5884858 -0.4998594 -0.56751823 -0.6833334 -0.3070986 0.30775616 0.4153756 0.34170538 0.3382189 0.22242649 -0.5009041 0.31914762 0.3382055 0.48169175 0.3885131 0.32730106 -0.17194048 -0.5724508 -0.0019308904 -0.052369677 0.025233094 0.026556972 -0.31668112 -0.6855479 -0.6418313 -0.55487263 -0.6265158 -0.5179217 -0.5913073 -0.6456984 -0.52203834 -0.6594865 -0.63901424 -0.674447 -0.69372463 -0.60192865 0.14038344 0.2536386 0.24187264 0.08349722 0.07540157 -0.43856928 0.09600214 0.0249067 -0.69555837 -0.33435413 0.22019784 0.2523645 0.213447 0.153628 0.1021511 -0.034371816 -0.08191439 
0.19953026 0.15757784 0.06136007 0.07073545 0.22005944 1.0 0.42448288 0.5699212 0.29269633 0.3096038 0.81894237 0.44688874 0.55861074 0.69585586 0.3386909 0.23200682 0.5840982 0.5363336 0.48486418 0.41280016 0.39881167 0.33344585 0.19431731 0.29620907 0.5435854 0.43165404 0.23811828 0.23602933 0.24033251 0.184098 0.34699252 0.42061585 0.35994777 0.4563359 0.20300104 0.015438985 -0.084656976 -0.0995049 0.063604675 0.2650816 0.24359775 0.24128301 0.25367144 0.080767095 0.19744599 NaN NaN NaN NaN NaN 0.22892657 0.56238806 0.49241188 0.3300251 -0.049033813 -0.13805164 -0.17534593 -0.15036182 -0.1593405 -0.09289296 0.06158135 0.5693031 0.37747794 0.37114683 0.33068287 0.40859944 0.46145228 0.4851006 0.452963 0.3558336 0.45760542 0.123982385 0.017688893 -0.19732538 -0.32111567 -0.34351256 -0.3491484 -0.29931948 -0.34051907 -0.34178594 -0.41355526 -0.37816858 -0.3870892 -0.43223858 -0.43719196 -0.43514284 -0.3933197 -0.2593306 -0.3753484 -0.46604523 -0.48112607 -0.47156864 -0.48285908 -0.51044476 -0.529344 -0.5367431 -0.451129 -0.24703361 0.22078405 0.21499433 0.15562344 0.14923716 0.12588537 0.13298823 0.11382246 0.14586757 0.2649459 0.26648486 0.17943904 0.2964855 0.3108364 0.28014213 0.28013766 0.09409168 -0.06578515 -0.38238877 -0.48661855 -0.49756968 -0.55082184 -0.4826012 -0.2512152 -0.49368718 -0.538569 -0.5096076 -0.5995295 -0.45743492 -0.21899202 -0.26049885 -0.33535624 -0.23294385 -0.31964365 -0.19001804 0.1731641 0.17801581 0.09016859 0.14258993 0.08113097 0.051024195 0.10354359 0.029000651 0.07134362 0.15162663 0.20949791 0.15804178 0.18412174 0.18375885 -0.39041862 -0.5689131 -0.6329775 -0.63305664 -0.6186561 -0.51310366 -0.54426926 -0.44591781 -0.027235065 -0.3748441 -0.58002543 -0.65035427 -0.70287615 -0.6963979 -0.70368177 -0.64732414 -0.651376 
-0.13286795 -0.4066979 -0.47211948 -0.5353394 -0.5519822 0.42448288 1.0 -0.3997838 -0.53947794 -0.51667213 0.011393523 0.9469252 0.8873291 0.6329198 -0.5122576 -0.585041 -0.31099173 0.8544836 0.83249664 0.88368785 0.8459222 0.85414046 0.80739766 0.8689438 0.5924455 0.76402646 0.4209276 0.6631243 0.6497935 0.6357709 0.3348542 -0.030019676 -0.43538523 0.55929345 -0.6164218 -0.6875337 -0.6766693 -0.62922674 -0.5841699 -0.26338392 0.17121053 0.5114332 0.5687942 0.7161953 0.7792894 NaN NaN NaN NaN NaN 0.9132531 0.3809043 0.56713796 -0.43025762 -0.64584965 -0.65262794 -0.58576804 -0.6118548 -0.64540523 -0.65288985 -0.6610761 0.15671198 0.7398393 0.7876515 0.8238534 0.71916336 0.6358575 0.61615056 0.6145514 0.09971756 0.15765773 -0.66550183 -0.40658164 -0.7280867 -0.7118059 -0.68315977 -0.64803255 -0.4600047 -0.359871 -0.48277158 -0.640849 -0.6165989 -0.6572978 -0.6362227 -0.6397638 -0.6683903 -0.6937557 -0.27442425 -0.49421245 -0.3668259 -0.6765537 -0.662512 -0.6022046 -0.6596151 -0.74895453 -0.75025994 -0.7195608 -0.73038477 0.035478793 0.80908096 0.8144419 0.8268369 0.82465786 0.7977505 0.8061933 0.7556906 0.6448893 0.6333253 0.7366085 0.5709744 0.4593577 0.2523491 0.39966723 0.45964718 -0.18386112 -0.7526981 -0.77917355 -0.6984436 -0.72385675 -0.6172818 0.09467686 -0.73684245 -0.68162054 -0.7932459 -0.7675467 -0.6733009 -0.15089308 0.26543888 -0.41751277 -0.35223565 -0.5501059 -0.4935555 -0.014011449 0.67792404 0.6104961 0.37555087 0.6172662 0.4885761 0.48916924 0.6063352 0.31037393 0.45458978 0.41811273 0.8030235 0.7510899 0.39154613 -0.64548784 -0.7022461 -0.7134016 -0.6492245 -0.6792781 -0.14390089 -0.6863676 -0.6303032 0.39220184 -0.33322248 -0.71346027 -0.6959498 -0.64276505 -0.5902859 -0.6032461 -0.50299555 -0.34653726 
0.38196716 0.6319936 0.62458944 0.7033656 0.83730847 0.5699212 -0.3997838 1.0 0.8867039 0.88870496 0.79795516 -0.38331792 -0.22383063 0.06481513 0.8968041 0.86528826 0.8973989 -0.23188406 -0.2928918 -0.37358755 -0.38476965 -0.41140923 -0.44875288 -0.43778124 -0.07328383 -0.3041749 -0.20611967 -0.41358188 -0.4006604 -0.42236078 -0.052558504 0.34592322 0.70230836 -0.123121485 0.7694437 0.7154187 0.61231315 0.52603596 0.5821786 0.39058658 -0.037827022 -0.33941257 -0.3383746 -0.5026502 -0.4674654 NaN NaN NaN NaN NaN -0.5255597 0.1124279 -0.09328436 0.70487374 0.65537935 0.5640518 0.4466928 0.5028881 0.5284206 0.5910382 0.7065176 0.31020027 -0.3741472 -0.39208752 -0.4344187 -0.3305611 -0.22750361 -0.17759025 -0.21855342 0.12828016 0.19740327 0.7190694 0.38657722 0.5621475 0.4351662 0.38574207 0.3450125 0.19202818 0.04684329 0.15967706 0.2773606 0.29117316 0.31980872 0.25313503 0.25435576 0.27196932 0.30997664 -0.03754069 0.09260066 -0.088365555 0.18616328 0.16973138 0.11053875 0.13215227 0.22016343 0.21153596 0.27757278 0.39618635 0.01625075 -0.5210566 -0.5507879 -0.5629952 -0.5892353 -0.5870786 -0.56118375 -0.46219778 -0.39197776 -0.4114982 -0.53973573 -0.34975287 -0.25605184 -0.14060347 -0.25181076 -0.45586446 -0.07083119 0.27017987 0.23303723 0.13726197 0.1085377 0.0504593 -0.44972843 0.16678116 0.09535146 0.263045 0.1417031 0.15911984 -0.14000271 -0.5672949 -0.02621301 0.013768044 0.096106626 0.16720127 0.0212149 -0.50407594 -0.5123685 -0.33071885 -0.5209745 -0.44261277 -0.43914804 -0.5616578 -0.32872865 -0.38460362 -0.32868576 -0.5612057 -0.53308195 -0.3122965 0.13038474 0.072277635 0.017410398 -0.0766925 -0.05732589 -0.4718819 0.0190612 0.034348555 -0.52599764 -0.23630822 0.05616106 0.0062921452 -0.07728849 -0.13036 -0.14102681 -0.19362268 -0.31409875 
0.48360348 0.7559581 0.80660367 0.8866587 0.9453016 0.29269633 -0.53947794 0.8867039 1.0 0.97227764 0.54742426 -0.5419213 -0.41692013 -0.18376939 0.9219597 0.94969505 0.75101984 -0.46688092 -0.5111565 -0.56131965 -0.5850878 -0.57549524 -0.5327194 -0.5899718 -0.3741356 -0.5429933 -0.33976442 -0.53882456 -0.5390007 -0.54010636 -0.25760928 0.17646667 0.58561605 -0.23077032 0.82818514 0.8607813 0.80805194 0.7042091 0.68148667 0.2964399 -0.18184209 -0.5099611 -0.53183204 -0.5531746 -0.56912464 NaN NaN NaN NaN NaN -0.6213879 -0.14357935 -0.27657795 0.6720367 0.84746253 0.8076477 0.71405184 0.75335854 0.7679848 0.79975826 0.82333684 0.05990292 -0.5470768 -0.54413456 -0.5699668 -0.5100359 -0.44428053 -0.42797667 -0.4242511 -0.0065213013 0.10309969 0.7291452 0.524429 0.77599275 0.70383847 0.6565588 0.60352135 0.39470044 0.27441454 0.36771476 0.53672475 0.5529005 0.5799104 0.5258109 0.5251638 0.53883296 0.54960054 0.18787648 0.32201922 0.17996675 0.45794648 0.43483055 0.3756175 0.38800037 0.48684868 0.48468247 0.48567405 0.45634326 -0.25182164 -0.63378805 -0.6384096 -0.6538231 -0.6831827 -0.70099074 -0.64582855 -0.5602121 -0.59048486 -0.6155626 -0.67658824 -0.5825519 -0.48685592 -0.38190714 -0.45627123 -0.6056818 -0.197428 0.33615398 0.4094107 0.3169238 0.29033047 0.20976241 -0.45479822 0.29114962 0.29224706 0.45780838 0.38508046 0.3094275 -0.08507265 -0.54507023 0.03313818 0.048677806 0.10979817 0.091088414 -0.2571223 -0.67136776 -0.6405181 -0.5385039 -0.63731474 -0.52028215 -0.59182006 -0.66078657 -0.5108284 -0.6300298 -0.6054635 -0.6881962 -0.6982442 -0.56922495 0.14226286 0.2246129 0.19658674 0.088828616 0.06408984 -0.3748677 0.10814205 0.044499736 -0.6392847 -0.29622582 0.20039274 0.21338384 0.15725397 0.08553524 0.05968823 -0.05165116 -0.12634966 
0.4395925 0.73698 0.8010221 0.8850938 0.9487235 0.3096038 -0.51667213 0.88870496 0.97227764 1.0 0.57316387 -0.52812564 -0.40628546 -0.16325068 0.95513445 0.9710061 0.7824415 -0.44103888 -0.4901705 -0.53484464 -0.5595077 -0.54724544 -0.50845325 -0.5591549 -0.3449374 -0.51777 -0.33684775 -0.5360359 -0.5322934 -0.5290774 -0.24160294 0.18064235 0.59467673 -0.23175664 0.8202435 0.8644404 0.810185 0.6790528 0.66108245 0.28017056 -0.1844545 -0.49264875 -0.49734616 -0.5389045 -0.5513227 NaN NaN NaN NaN NaN -0.6093921 -0.12327862 -0.2670598 0.6926939 0.8548279 0.7749879 0.6528481 0.6950177 0.7124575 0.75103843 0.7796259 0.064526595 -0.54498535 -0.53438014 -0.5603462 -0.502105 -0.4279034 -0.4105368 -0.4142111 -0.03630613 0.080615066 0.7119099 0.499283 0.7883367 0.6827385 0.6264077 0.5823799 0.36247694 0.21921054 0.33724126 0.5180221 0.53755206 0.5609117 0.5018431 0.5024996 0.5045973 0.5293141 0.12620516 0.26376623 0.113750346 0.40105152 0.3867027 0.32333902 0.3403446 0.4514442 0.46613714 0.50784785 0.47648704 -0.20850396 -0.60810286 -0.61650705 -0.636698 -0.6726273 -0.6926026 -0.6370413 -0.5522808 -0.58562917 -0.60791665 -0.67042905 -0.56941915 -0.4764429 -0.36064318 -0.45080477 -0.60945845 -0.22299972 0.32180104 0.37242314 0.27218428 0.2573945 0.16251652 -0.51405805 0.26316544 0.25600186 0.4469148 0.3686318 0.28627756 -0.15081942 -0.5969667 -0.009245151 -0.0059538633 0.06585566 0.07287999 -0.22178352 -0.65510327 -0.6311092 -0.5278973 -0.6303789 -0.52234304 -0.5888959 -0.6534101 -0.49461886 -0.6009248 -0.56950706 -0.6608382 -0.66820604 -0.52190393 0.16962978 0.24310867 0.19736536 0.0682802 0.048779584 -0.40979317 0.10641384 0.058167793 -0.6301943 -0.2751072 0.20617391 0.2105102 0.15488428 0.08781826 0.052246083 -0.05831214 -0.15740256 
0.15352595 0.25753936 0.19288144 0.2636987 0.44840872 0.81894237 0.011393523 0.79795516 0.54742426 0.57316387 1.0 0.04417846 0.17694752 0.46646693 0.596523 0.51573 0.8044289 0.21360363 0.153787 0.057124577 0.062550165 -0.008891505 -0.12883563 -0.046683144 0.3369345 0.12256541 0.04866838 -0.0816148 -0.07884691 -0.13185869 0.17514013 0.4563009 0.55334496 0.16924532 0.42068925 0.26869804 0.15563661 0.13306457 0.25011212 0.3586993 0.12833516 -0.01683068 -0.028771741 -0.27254385 -0.17208248 NaN NaN NaN NaN NaN -0.17916797 0.43070233 0.2627091 0.5491326 0.20678252 0.09514958 0.021284424 0.06518508 0.08049415 0.17817743 0.37501097 0.558439 0.028711895 0.005444687 -0.04970278 0.07188843 0.16688108 0.23798215 0.1813083 0.29553014 0.39107022 0.47071755 0.17857575 0.07768532 -0.06858464 -0.11097127 -0.15016752 -0.18671885 -0.29042542 -0.22064824 -0.22069849 -0.19922434 -0.17982523 -0.2363345 -0.23851371 -0.22923836 -0.18498942 -0.26078436 -0.2633236 -0.4057536 -0.2651108 -0.25889444 -0.3089655 -0.30984932 -0.26016533 -0.25522822 -0.17644688 0.093508795 0.26741952 -0.14486402 -0.20429271 -0.2170327 -0.24226263 -0.21634626 -0.23149383 -0.14740022 0.034892704 0.019751979 -0.13737139 0.091741115 0.1559358 0.2292406 0.15220197 -0.034955796 0.1443129 0.038381185 -0.09482101 -0.16023727 -0.23545033 -0.18254207 -0.21976803 -0.13804579 -0.25930288 -0.14053947 -0.24177913 -0.17317905 -0.15680125 -0.40882903 -0.1707121 -0.047784768 0.026228057 0.14695333 0.3001676 -0.088724434 -0.16314253 0.005732199 -0.179296 -0.178285 -0.10891126 -0.23446761 -0.035580825 0.026884612 0.1006925 -0.16611646 -0.10909165 0.09277354 -0.04118767 -0.22808592 -0.3051617 -0.3136897 -0.2831372 -0.40891272 -0.18830651 -0.11373529 -0.18301637 -0.18249217 -0.24201249 -0.33103266 -0.42714727 -0.44846103 -0.4449519 -0.40759888 -0.53688043 
-0.13718139 -0.4361751 -0.5112526 -0.57423335 -0.5860808 0.44688874 0.9469252 -0.38331792 -0.5419213 -0.52812564 0.04417846 1.0 0.94790226 0.74802464 -0.51510936 -0.59816056 -0.27609643 0.91453147 0.89963204 0.9175461 0.88251823 0.8507006 0.7616071 0.84049845 0.60549855 0.768155 0.4396376 0.6661969 0.64038163 0.6193333 0.3401404 -0.059200324 -0.45743513 0.59168136 -0.6176671 -0.72636867 -0.7209164 -0.6770452 -0.61186963 -0.2540867 0.17871852 0.51124924 0.5591866 0.62768084 0.745872 NaN NaN NaN NaN NaN 0.8769004 0.45991272 0.65138924 -0.40743175 -0.6869474 -0.6999052 -0.63111 -0.6552273 -0.6933876 -0.6894767 -0.688438 0.22679783 0.8165097 0.8477937 0.8612715 0.810302 0.73187464 0.6576209 0.7050727 0.16343664 0.26642463 -0.67985123 -0.3937599 -0.7713715 -0.7671435 -0.7419625 -0.7023493 -0.50070375 -0.39983052 -0.51898444 -0.69624865 -0.67818207 -0.71311474 -0.68983597 -0.6929658 -0.7221826 -0.7427121 -0.2395191 -0.519213 -0.40640348 -0.7272533 -0.7032023 -0.64475936 -0.69900835 -0.7900526 -0.7853511 -0.7640386 -0.74631274 0.07527229 0.8137226 0.77823746 0.7924147 0.7966537 0.80362195 0.7882825 0.72422403 0.7289645 0.7435134 0.8160502 0.687561 0.6003802 0.3940084 0.5510741 0.561223 -0.11629688 -0.7665372 -0.82710445 -0.74890566 -0.7753269 -0.6657021 0.14106122 -0.7766708 -0.7371792 -0.8325262 -0.80266094 -0.70988446 -0.11009083 0.27986526 -0.43955615 -0.30934322 -0.53733313 -0.48252168 0.03963412 0.7161842 0.6277528 0.40438387 0.6119186 0.4987346 0.50423205 0.60013473 0.3485864 0.49683526 0.47740674 0.7918244 0.7659533 0.43572912 -0.6644475 -0.7339511 -0.7499905 -0.6555282 -0.6905494 -0.08297017 -0.6932915 -0.630011 0.51192826 -0.28175634 -0.743291 -0.7313915 -0.67779344 -0.62180406 -0.62655306 -0.50926995 -0.3737436 
-0.09309654 -0.3581307 -0.4390051 -0.4940681 -0.47156173 0.55861074 0.8873291 -0.22383063 -0.41692013 -0.40628546 0.17694752 0.94790226 1.0 0.8421358 -0.35878113 -0.46519315 -0.08341257 0.93958086 0.91747683 0.9126883 0.876088 0.8323199 0.71727806 0.80141586 0.6523786 0.7534737 0.41283447 0.5982389 0.5729782 0.53726864 0.34531996 0.029060675 -0.30266085 0.5996336 -0.47763178 -0.62007093 -0.6485556 -0.6209933 -0.5196426 -0.1883611 0.16485554 0.4547995 0.5259754 0.53343964 0.68144065 NaN NaN NaN NaN NaN 0.79973996 0.5497619 0.68287903 -0.25979832 -0.6024285 -0.63241106 -0.5812819 -0.6045395 -0.6405037 -0.6212806 -0.57977945 0.32920712 0.78840655 0.81282634 0.8153685 0.7904098 0.74677145 0.6845625 0.72034156 0.2212177 0.35673136 -0.5402901 -0.31437987 -0.69396454 -0.72336644 -0.70448506 -0.6783438 -0.507397 -0.4315831 -0.5216623 -0.69087774 -0.66987145 -0.6967333 -0.68940866 -0.69198394 -0.71556157 -0.7262617 -0.2469616 -0.5364863 -0.4745221 -0.7385 -0.72011787 -0.66111237 -0.712951 -0.77940184 -0.7791622 -0.7496813 -0.6901039 0.124169365 0.74046856 0.6969439 0.70760137 0.7120862 0.71602654 0.7045581 0.66136205 0.69597644 0.69855464 0.7470792 0.6790273 0.59671813 0.42549822 0.54865354 0.50046515 -0.11161672 -0.74217147 -0.81451046 -0.7656402 -0.79989153 -0.6849202 0.057308774 -0.7842721 -0.75675577 -0.82839316 -0.8263946 -0.7166908 -0.15284722 0.18874902 -0.43723348 -0.29861072 -0.5239518 -0.4453497 0.0679198 0.6453045 0.54266745 0.3686885 0.5093179 0.4204631 0.43019295 0.49291262 0.29749632 0.46105772 0.44473454 0.7259716 0.7060472 0.41845468 -0.6617019 -0.7606145 -0.78681886 -0.6941687 -0.7126168 -0.15554425 -0.70612425 -0.6375019 0.44685107 -0.3184707 -0.75760484 -0.77610177 -0.7336011 -0.67875165 -0.6811715 -0.558878 -0.47284237 
-0.06824424 -0.27262035 -0.36604816 -0.3768385 -0.29403445 0.69585586 0.6329198 0.06481513 -0.18376939 -0.16325068 0.46646693 0.74802464 0.8421358 1.0 -0.09979468 -0.22354501 0.23286885 0.8463081 0.8231364 0.7386093 0.743651 0.6127465 0.4284353 0.5476542 0.6656144 0.6479733 0.3882182 0.478489 0.44542304 0.38125953 0.3455926 0.1827346 -0.090703726 0.56367964 -0.26191923 -0.46182698 -0.51838607 -0.51841944 -0.34017748 6.9535374E-5 0.1955975 0.3722849 0.34912583 0.1920888 0.39173123 NaN NaN NaN NaN NaN 0.5000797 0.66759104 0.7318982 0.010866317 -0.47704133 -0.55901176 -0.5353056 -0.54592645 -0.5768135 -0.5078891 -0.38822943 0.56846046 0.718372 0.66968614 0.63146126 0.7246097 0.74037546 0.72484255 0.74560046 0.37306947 0.55194587 -0.27296653 -0.15381442 -0.5799185 -0.6672504 -0.66324943 -0.6579464 -0.5080363 -0.485773 -0.529447 -0.69326067 -0.6746555 -0.6820756 -0.68976295 -0.6913639 -0.71261233 -0.6998231 -0.28907725 -0.57160527 -0.56293875 -0.73332566 -0.69045943 -0.65514815 -0.694653 -0.75383246 -0.7383019 -0.69565654 -0.5107509 0.28595462 0.51185066 0.4273226 0.42132184 0.41237757 0.4431373 0.3856388 0.39077032 0.61134875 0.6254868 0.5551503 0.63998663 0.6650025 0.5593596 0.6399967 0.52669173 0.085950695 -0.55979687 -0.71879125 -0.7125029 -0.7642113 -0.6153632 0.1172557 -0.70102906 -0.7356346 -0.7348037 -0.74206686 -0.6512382 -0.13216014 0.09619207 -0.37168756 -0.17588714 -0.3156091 -0.20842846 0.3022517 0.5955603 0.47796106 0.41670644 0.42884997 0.33133695 0.39995074 0.38733366 0.34951478 0.50714844 0.5279035 0.52696335 0.56434345 0.48110953 -0.49594134 -0.6664124 -0.7263002 -0.6106361 -0.61938137 -0.15568337 -0.57974243 -0.48705676 0.38862365 -0.21319677 -0.6643763 -0.72865087 -0.73913884 -0.7041471 -0.69212073 -0.58156097 -0.5879961 
0.36839807 0.68216884 0.7388319 0.8248126 0.91592264 0.3386909 -0.5122576 0.8968041 0.9219597 0.95513445 0.596523 -0.51510936 -0.35878113 -0.09979468 1.0 0.96032536 0.8577609 -0.38253346 -0.4282436 -0.4836529 -0.50162137 -0.50151354 -0.48320898 -0.5178947 -0.25624067 -0.45469016 -0.29779023 -0.50766474 -0.5117084 -0.51424646 -0.19605389 0.2278451 0.62702817 -0.2564718 0.80218637 0.83615047 0.7633591 0.6178931 0.6221025 0.2696164 -0.18638244 -0.49093118 -0.46935973 -0.55121195 -0.54771614 NaN NaN NaN NaN NaN -0.5964717 -0.04974689 -0.22973692 0.7094589 0.8194527 0.71022207 0.56332064 0.6033653 0.6356563 0.671239 0.7471388 0.121105306 -0.5209836 -0.52254814 -0.54996294 -0.48431876 -0.39010388 -0.35550427 -0.3796933 -0.0358526 0.06752967 0.728164 0.42802572 0.75139403 0.62790984 0.5619924 0.5340182 0.30493847 0.1520053 0.29736036 0.4803758 0.4961467 0.51401424 0.4504499 0.45511383 0.46381286 0.49499807 0.058342777 0.21452236 0.036509294 0.33808494 0.32177603 0.25481406 0.27801615 0.4083625 0.4223153 0.4978918 0.4987582 -0.13684607 -0.6021551 -0.6152415 -0.63812613 -0.664652 -0.6783845 -0.6219145 -0.5270297 -0.5391601 -0.56785953 -0.6508786 -0.51748765 -0.43239516 -0.3008969 -0.40095514 -0.5921727 -0.20225911 0.31831402 0.33698046 0.21848713 0.21909344 0.10901851 -0.5435902 0.2500344 0.22000386 0.4160142 0.31578302 0.25074664 -0.19192302 -0.6149582 -0.019924307 -0.030095883 0.07505837 0.107207015 -0.12577528 -0.6062942 -0.59216493 -0.4554406 -0.6041704 -0.49981496 -0.54312265 -0.6348377 -0.44506544 -0.53477925 -0.49618068 -0.62876093 -0.62728137 -0.45406416 0.18263778 0.22379683 0.17474161 0.0379301 0.04485266 -0.43734324 0.1092373 0.06936166 -0.6157317 -0.2477741 0.20460781 0.19252968 0.13286932 0.07995102 0.047542468 -0.051193174 -0.1904373 
0.3882054 0.69861734 0.7774595 0.8717207 0.9356773 0.23200682 -0.585041 0.86528826 0.94969505 0.9710061 0.51573 -0.59816056 -0.46519315 -0.22354501 0.96032536 1.0 0.79378843 -0.49326202 -0.54002 -0.5825823 -0.60072565 -0.581913 -0.53363264 -0.5888688 -0.37135804 -0.555801 -0.35871652 -0.5744231 -0.5742362 -0.56953365 -0.2755989 0.17681251 0.6026504 -0.31049266 0.82015866 0.8799732 0.8266472 0.6737363 0.6600977 0.25161707 -0.22733954 -0.5476105 -0.5356694 -0.5764092 -0.60562795 NaN NaN NaN NaN NaN -0.6564224 -0.18837167 -0.3385893 0.68596095 0.8768574 0.78894997 0.65351486 0.6979012 0.7275571 0.75376356 0.798961 0.013979836 -0.62349033 -0.613653 -0.6342238 -0.58579284 -0.5104956 -0.48170245 -0.48959428 -0.09572191 0.01601372 0.74966776 0.4767153 0.8214896 0.71662617 0.658741 0.6069307 0.3631759 0.21133749 0.34962767 0.5581111 0.5689207 0.59602404 0.5371519 0.54047483 0.5478704 0.56800205 0.12251896 0.28330666 0.13310046 0.44050854 0.42749807 0.35521993 0.3796098 0.5063282 0.52980983 0.5738118 0.5524169 -0.20426221 -0.6647678 -0.6652999 -0.6852488 -0.7155699 -0.7403409 -0.67652416 -0.58410144 -0.631703 -0.6663038 -0.72673315 -0.6187934 -0.5264372 -0.38965282 -0.489673 -0.6517188 -0.20250681 0.4037567 0.4597752 0.34408015 0.34160796 0.22890177 -0.50834554 0.34825712 0.3266843 0.53527164 0.4518815 0.34404996 -0.13659185 -0.5918572 0.045316838 0.036441874 0.1545867 0.16084024 -0.1906455 -0.6927044 -0.66429853 -0.5392584 -0.66460544 -0.55024844 -0.6076028 -0.68330365 -0.5116596 -0.6139498 -0.5788261 -0.6873476 -0.69350326 -0.51440656 0.26770014 0.34670758 0.29843682 0.15163492 0.14009139 -0.36244366 0.2002702 0.14620821 -0.6462325 -0.20438723 0.30718872 0.30372357 0.24558784 0.18028806 0.15025976 0.031411607 -0.096627004 
0.1992009 0.42146465 0.4145401 0.5138217 0.6835139 0.5840982 -0.31099173 0.8973989 0.75101984 0.7824415 0.8044289 -0.27609643 -0.08341257 0.23286885 0.8577609 0.79378843 1.0 -0.055627603 -0.11555099 -0.20885658 -0.21428558 -0.26490435 -0.3349524 -0.29583135 0.08507887 -0.16310698 -0.11987934 -0.3350407 -0.34398717 -0.38066915 -0.0010211361 0.39100334 0.66390467 -0.09239165 0.6521135 0.5834789 0.45475334 0.33869612 0.4583005 0.33951858 -0.043135848 -0.29821128 -0.25565726 -0.47886565 -0.397258 NaN NaN NaN NaN NaN -0.43895766 0.2688644 0.051962126 0.7271147 0.5307897 0.3708007 0.23494382 0.27925918 0.3254387 0.39530995 0.5877334 0.40335998 -0.27535266 -0.29523784 -0.34012055 -0.23058501 -0.10500548 -0.043917514 -0.094973914 0.1298542 0.2538178 0.6709421 0.2881608 0.428301 0.26109126 0.19100244 0.14875671 0.005741704 -0.15130739 -7.953243E-5 0.09424299 0.10230316 0.13673753 0.06878296 0.07356008 0.092951566 0.13935235 -0.16324274 -0.07935203 -0.2638392 -0.0019581278 0.0029679171 -0.078324735 -0.050075855 0.070576705 0.094339244 0.1959747 0.40052018 0.1657176 -0.4149442 -0.45912322 -0.48320362 -0.5095779 -0.5033407 -0.47546124 -0.36568442 -0.25076002 -0.2792324 -0.42078206 -0.18382236 -0.09818256 0.041940555 -0.0732664 -0.31137472 0.045859184 0.26285082 0.16008146 0.040213738 0.01779735 -0.03821173 -0.4292247 0.09342682 -0.0019038671 0.18324293 0.06164876 0.06680776 -0.18772276 -0.57461774 -0.0582357 -0.013805089 0.11124618 0.22463211 0.1882159 -0.37573302 -0.4117308 -0.21310622 -0.4425185 -0.37391832 -0.35220933 -0.48465255 -0.23294128 -0.23042369 -0.19067426 -0.44548914 -0.40965185 -0.16843617 0.15575212 0.052159138 -0.033007417 -0.123345286 -0.09000475 -0.45444074 0.012914471 0.059426297 -0.41229266 -0.16391632 0.044827454 -0.03957124 -0.123107344 -0.16418181 -0.16087791 -0.18576132 -0.3989041 
-0.18049824 -0.43672478 -0.5223941 -0.5652186 -0.52152956 0.5363336 0.8544836 -0.23188406 -0.46688092 -0.44103888 0.21360363 0.91453147 0.93958086 0.8463081 -0.38253346 -0.49326202 -0.055627603 1.0 0.96977526 0.9545887 0.9420588 0.8881102 0.77250606 0.8517785 0.7496039 0.80197597 0.47541624 0.6423846 0.5924923 0.5416016 0.3602343 0.07583512 -0.30651945 0.53271955 -0.53901774 -0.67410517 -0.70239854 -0.6742628 -0.5703244 -0.19247673 0.15635267 0.4256407 0.47117 0.44861415 0.6117763 NaN NaN NaN NaN NaN 0.7845486 0.5645477 0.69474095 -0.26573893 -0.65680206 -0.71023124 -0.6669511 -0.684959 -0.7076323 -0.6855403 -0.6087899 0.36777627 0.7785243 0.7909088 0.7947188 0.77693343 0.749582 0.7249712 0.7311268 0.22463594 0.33743885 -0.5316529 -0.3595825 -0.74692845 -0.78610903 -0.7734752 -0.7466198 -0.56364995 -0.49387804 -0.5786678 -0.74834436 -0.7280731 -0.75455916 -0.7491199 -0.7493885 -0.77214813 -0.7785599 -0.3305664 -0.5954598 -0.52274466 -0.78524166 -0.7644668 -0.7255201 -0.76144326 -0.8349425 -0.82390463 -0.7762004 -0.6620544 0.20485033 0.7284683 0.68441314 0.6855159 0.6924031 0.7056003 0.69528687 0.6693238 0.7194457 0.71650195 0.73872066 0.7115404 0.6384098 0.4745398 0.58954847 0.561885 -0.015211636 -0.68135935 -0.79427147 -0.7453084 -0.7820391 -0.65211886 0.12557107 -0.74809 -0.7430971 -0.81474036 -0.82334656 -0.7047323 -0.1513434 0.20652947 -0.41044816 -0.2767638 -0.45044994 -0.34300518 0.20528254 0.70761126 0.59982556 0.4612081 0.5676335 0.46110678 0.49983162 0.5515997 0.38226932 0.56579804 0.5444126 0.7469172 0.7301455 0.50274783 -0.57152706 -0.7138432 -0.7579209 -0.6636702 -0.6802101 -0.14064327 -0.66017294 -0.56170225 0.45917994 -0.24385765 -0.7192302 -0.7508642 -0.7257149 -0.67681134 -0.67088884 -0.5353558 -0.46894947 
-0.1860209 -0.44951418 -0.5402239 -0.5916367 -0.5557305 0.48486418 0.83249664 -0.2928918 -0.5111565 -0.4901705 0.153787 0.89963204 0.91747683 0.8231364 -0.4282436 -0.54002 -0.11555099 0.96977526 1.0 0.9609154 0.9614402 0.89759284 0.77880234 0.85007536 0.7653025 0.8072515 0.5067845 0.68435764 0.62986237 0.568308 0.36339954 0.05293107 -0.34808502 0.5211024 -0.5696123 -0.7016493 -0.7250409 -0.6834749 -0.5902143 -0.22421381 0.14797778 0.41857225 0.4274574 0.4221837 0.5926136 NaN NaN NaN NaN NaN 0.7985532 0.5541277 0.68878865 -0.3073563 -0.682426 -0.7103137 -0.64618355 -0.6741998 -0.70535105 -0.6824416 -0.627174 0.35690302 0.7999281 0.80036134 0.7965184 0.79001427 0.76069134 0.73566306 0.74323976 0.2567487 0.32425946 -0.5704094 -0.3568294 -0.76846796 -0.79105806 -0.76948893 -0.74040544 -0.5414772 -0.45525542 -0.5581254 -0.73970973 -0.7228756 -0.74932224 -0.7374854 -0.7404308 -0.7597908 -0.77259743 -0.31790036 -0.57171535 -0.4803088 -0.76470214 -0.74479914 -0.68805784 -0.73705345 -0.8205314 -0.8184147 -0.78412545 -0.690439 0.18502471 0.72787684 0.69230527 0.69550157 0.7107515 0.7290941 0.7064783 0.66814154 0.74147606 0.74565923 0.76673 0.7316552 0.64339364 0.48023394 0.60737103 0.59966683 0.013947479 -0.69772613 -0.79887813 -0.72883725 -0.7650372 -0.62611675 0.16662309 -0.7560028 -0.73809457 -0.83061856 -0.82953066 -0.71172297 -0.09413699 0.2733092 -0.39542198 -0.26130036 -0.4732233 -0.37884268 0.17508948 0.74610996 0.65639687 0.5136308 0.6226932 0.5310291 0.5627568 0.617838 0.4467732 0.59915227 0.5519281 0.75219184 0.7283323 0.47005233 -0.61175525 -0.73552066 -0.7640399 -0.6661255 -0.68150765 -0.12623675 -0.67197376 -0.5878625 0.45495045 -0.2541678 -0.7338432 -0.7495313 -0.7187905 -0.66499174 -0.6580162 -0.52286243 -0.4293045 
-0.18727793 -0.45911214 -0.5347937 -0.5955641 -0.58434784 0.41280016 0.88368785 -0.37358755 -0.56131965 -0.53484464 0.057124577 0.9175461 0.9126883 0.7386093 -0.4836529 -0.5825823 -0.20885658 0.9545887 0.9609154 1.0 0.9706381 0.9539578 0.8682171 0.9283609 0.7371401 0.8262421 0.5053218 0.69485605 0.65378124 0.6029954 0.34892705 0.0071282005 -0.40016106 0.5199884 -0.61639893 -0.71873903 -0.718179 -0.6749484 -0.6131616 -0.2686208 0.14626701 0.45298412 0.4847872 0.53307027 0.6371715 NaN NaN NaN NaN NaN 0.85010076 0.4362326 0.5896858 -0.39469576 -0.6845667 -0.7055505 -0.6471081 -0.6715412 -0.7024645 -0.6980826 -0.6749357 0.21139139 0.73666996 0.76796377 0.78430784 0.726945 0.6731147 0.6420712 0.64563537 0.14549266 0.20556448 -0.641218 -0.41422927 -0.7600061 -0.7618947 -0.73580986 -0.70499456 -0.5162731 -0.42319298 -0.52626675 -0.69346464 -0.6734739 -0.70468193 -0.69122833 -0.69015354 -0.71695715 -0.7357528 -0.28998807 -0.53552645 -0.4254013 -0.7245144 -0.7107812 -0.65185237 -0.6995816 -0.77658045 -0.77358574 -0.7431988 -0.6996961 0.10450954 0.75102955 0.7374724 0.75190467 0.76735127 0.776807 0.7767761 0.722855 0.7020534 0.69399136 0.76370513 0.6683876 0.5602244 0.39390415 0.511411 0.53303957 -0.07391005 -0.71349597 -0.77985585 -0.702832 -0.73466134 -0.61359966 0.13005762 -0.7275616 -0.6937069 -0.7981256 -0.78748316 -0.6866747 -0.12398962 0.2589438 -0.40623206 -0.30273998 -0.5044418 -0.43158337 0.07761873 0.69074965 0.60236186 0.42891216 0.5833502 0.4726826 0.49410254 0.59201026 0.37416232 0.532543 0.4833632 0.79460055 0.751016 0.4549644 -0.5992074 -0.69219255 -0.71524686 -0.6234814 -0.65316474 -0.08870365 -0.6542731 -0.57368 0.46457103 -0.2372643 -0.6952961 -0.6986659 -0.6574211 -0.6026701 -0.6015308 -0.47711855 -0.36435106 
-0.21022636 -0.4818406 -0.563052 -0.62391406 -0.6065177 0.39881167 0.8459222 -0.38476965 -0.5850878 -0.5595077 0.062550165 0.88251823 0.876088 0.743651 -0.50162137 -0.60072565 -0.21428558 0.9420588 0.9614402 0.9706381 1.0 0.9473909 0.841684 0.9068759 0.77920526 0.8394286 0.5541643 0.73315465 0.6767956 0.6185885 0.3806246 0.048212804 -0.38655293 0.5265326 -0.6263612 -0.73279023 -0.73635983 -0.6849941 -0.60730726 -0.23285076 0.17003968 0.46205693 0.45923823 0.4685632 0.5843819 NaN NaN NaN NaN NaN 0.8175402 0.45442614 0.60100085 -0.394075 -0.7096814 -0.7264615 -0.66057193 -0.6895132 -0.72274375 -0.7137488 -0.6794916 0.2579394 0.752009 0.75779873 0.7660116 0.7322545 0.68690693 0.67378294 0.6741739 0.17791748 0.20526657 -0.63221496 -0.41114494 -0.78501 -0.7860057 -0.7625331 -0.72790414 -0.5306282 -0.43117678 -0.54430604 -0.71821034 -0.699292 -0.7302868 -0.7162104 -0.71737444 -0.7413623 -0.7563661 -0.3094312 -0.5484113 -0.44066298 -0.7431086 -0.7294427 -0.665063 -0.7133518 -0.7972776 -0.7967224 -0.76384646 -0.6998293 0.15692295 0.73399264 0.7198999 0.7324084 0.7494255 0.768586 0.7408051 0.69042456 0.7219935 0.7218185 0.764018 0.69971174 0.59118795 0.41739997 0.5405253 0.58038914 -0.012393493 -0.7014025 -0.7817086 -0.70530415 -0.72958565 -0.59642845 0.18901984 -0.7240979 -0.699058 -0.8131638 -0.8007019 -0.6844972 -0.083224066 0.3076063 -0.3649531 -0.2686357 -0.47010148 -0.39212725 0.14226326 0.7401231 0.6559275 0.5113301 0.6361731 0.52457166 0.5662824 0.6376081 0.4436837 0.59638816 0.5576214 0.80102646 0.77382445 0.50652844 -0.5805694 -0.6930395 -0.71668303 -0.6188353 -0.6367976 -0.0702136 -0.6392945 -0.5503262 0.47659412 -0.20880418 -0.69786894 -0.7075442 -0.67124456 -0.615258 -0.61052454 -0.47927415 -0.36436749 
-0.18897535 -0.44339085 -0.508225 -0.56984335 -0.57503545 0.33344585 0.85414046 -0.41140923 -0.57549524 -0.54724544 -0.008891505 0.8507006 0.8323199 0.6127465 -0.50151354 -0.581913 -0.26490435 0.8881102 0.89759284 0.9539578 0.9473909 1.0 0.9408358 0.9581189 0.69585174 0.77173907 0.45852432 0.64084 0.61123484 0.57838106 0.30822948 -0.015025222 -0.39758372 0.44226477 -0.6187524 -0.68445003 -0.67336637 -0.639878 -0.61018467 -0.31289056 0.08625479 0.3908865 0.4468673 0.5140649 0.576782 NaN NaN NaN NaN NaN 0.8196721 0.3035909 0.45244983 -0.43980294 -0.64863896 -0.66328275 -0.61707884 -0.6345893 -0.6602487 -0.66817147 -0.66534597 0.081789866 0.61658883 0.674991 0.7019777 0.60966545 0.5421895 0.51561785 0.5124225 0.04178184 0.08367027 -0.64202636 -0.44453895 -0.7066013 -0.69580114 -0.6723306 -0.6363637 -0.4705243 -0.37944287 -0.47423074 -0.618474 -0.5993754 -0.63017434 -0.6144719 -0.6138495 -0.6410047 -0.6611903 -0.28108814 -0.4875269 -0.36980546 -0.6461761 -0.6317618 -0.58095807 -0.61986625 -0.69203097 -0.6891466 -0.66015106 -0.63908774 0.07068028 0.7074688 0.72462195 0.7384367 0.7594414 0.75490427 0.7731686 0.71392566 0.61627346 0.5968542 0.68753713 0.57474715 0.46055537 0.30238348 0.40115103 0.43296766 -0.11877672 -0.66173464 -0.69360423 -0.62301487 -0.64197224 -0.53796345 0.09610589 -0.6418041 -0.60304755 -0.7046268 -0.6944305 -0.60711235 -0.13132201 0.22374623 -0.37969026 -0.312916 -0.48019812 -0.40855238 0.036393106 0.5992151 0.524696 0.3604578 0.5048296 0.40575173 0.43113068 0.53182566 0.31023064 0.46058297 0.42846158 0.7811561 0.72562045 0.43985242 -0.5147019 -0.5948987 -0.60974914 -0.52671355 -0.5555359 -0.044408675 -0.5646089 -0.490639 0.43913907 -0.17207962 -0.5926332 -0.5983014 -0.5586845 -0.5089566 -0.5065813 -0.39291987 -0.28042173 
