1.0 0.89447993 0.8247441 0.8667691 0.8610387 0.85540456 0.8269303 0.8098654 0.7727727 0.62817425 -0.25345728 -0.31038356 -0.31957743 -0.31944457 -0.31919467 -0.31451008 -0.3323107 -0.29333937 -0.23849195 -0.39117104 -0.39775735 -0.35521257 0.4653796 0.48162413 -0.088153556 -0.44207013 -0.37116906 -0.38806885 -0.04593079 0.40060678 0.45832148 0.6320865 0.64690864 -0.29232898 -0.39951792 -0.4185445 -0.22176401 -0.00855894 -0.36150572 -0.24951722 -0.39867792 -0.42227405 -0.083034925 0.26562628 0.3616875 -0.3741066 -0.34464288 -0.2333884 -0.4326926 0.116698496 -0.2938492 -0.37789863 -0.37175775 -0.4388656 -0.16396607 0.12560506 0.44923434 0.6325441 0.29612255 0.6524495 0.6409806 0.53817457 -0.030065456 -0.383758 -0.30164865 -0.28334475 -0.28969255 -0.27606267 -0.23539294 -0.31685042 -0.26315638 NaN NaN NaN NaN NaN NaN NaN NaN NaN NaN NaN NaN NaN NaN NaN NaN NaN NaN NaN NaN NaN -0.3171884 -0.19862944 -0.16505118 -0.2288533 -0.08300666 -0.2752201 -0.3642573 -0.28554463 -0.14410208 -0.32771218 -0.35464635 -0.32155323 -0.39751974 -0.41948524 -0.22771145 -0.17294353 -0.34827194 -0.38828602 -0.35121423 -0.32665074 -0.28208858 0.22780599 0.35989478 0.26105413 -0.12060279 -0.28806558 -0.40266243 -0.403297 -0.43153444 -0.41919 -0.41483524 -0.4052577 -0.40846688 -0.40820548 -0.3998029 -0.32496375 -0.32231355 -0.31523633 -0.21675842 -0.37273183 -0.12618731 0.18142115 0.27055028 0.2656409 0.21048056 -0.045158386 0.21643768 0.24668996 0.13755365 -0.013174017 -0.47894865 -0.33948764 -0.38053435 -0.3147176 -0.42408052 -0.3899822 -0.30606902 -0.048852924 0.037604608 -0.419707 -0.39225534 -0.38568154 -0.43947023 -0.41790077 -0.46670952 -0.39908415 -0.39581716 -0.4641279 -0.4733715 -0.48201248 -0.35929304 -0.32634246 -0.45788318 -0.45590428 -0.50089365 -0.45196295 0.044712488 0.1420438 0.17085934 0.16256836 0.14476648 0.1414529 0.14891773 0.11355378 0.047135342 0.077013224 0.08671065 0.07292322 0.03399824 
0.89447993 1.0 0.97630763 0.99182427 0.9805301 0.9745967 0.9156959 0.85738456 0.8204414 0.5772279 -0.32101056 -0.321802 -0.32636598 -0.32748333 -0.32385856 -0.31850496 -0.33183852 -0.3583937 -0.3192691 -0.38338798 -0.39982072 -0.4160127 0.37571108 0.39288798 -0.2022319 -0.47863197 -0.36698323 -0.38651007 -0.16396526 0.29877564 0.42570516 0.59302276 0.6251768 -0.25415635 -0.442434 -0.4344643 -0.17619568 -0.04779134 -0.39727652 -0.32608935 -0.38420513 -0.45691326 -0.13633724 0.20695446 0.26132518 -0.39858085 -0.3768433 -0.29515365 -0.4298522 0.017835254 -0.3419226 -0.3635506 -0.3520355 -0.42280594 -0.23254287 0.065599695 0.4234991 0.6732579 0.3648892 0.7205401 0.69492644 0.5333297 -0.098628126 -0.40053493 -0.27217335 -0.25762329 -0.2672653 -0.2764024 -0.24650057 -0.3229949 -0.23855607 NaN NaN NaN NaN NaN NaN NaN NaN NaN NaN NaN NaN NaN NaN NaN NaN NaN NaN NaN NaN NaN -0.33034155 -0.29409236 -0.21294868 -0.2611453 -0.16443706 -0.32482326 -0.37717932 -0.310988 -0.22990215 -0.36383998 -0.38179165 -0.3654532 -0.4021561 -0.42015052 -0.31091073 -0.22870404 -0.3705457 -0.3818324 -0.35433584 -0.3644078 -0.33785453 0.15081291 0.3150506 0.19864194 -0.21739377 -0.3688606 -0.40857115 -0.4334524 -0.41928947 -0.41159838 -0.41205156 -0.40296102 -0.4105391 -0.40753552 -0.40153804 -0.32318133 -0.34777716 -0.3515885 -0.27396005 -0.41048324 -0.20669971 0.12916338 0.28669897 0.29835612 0.23264404 -0.016342212 0.22662753 0.2565844 0.10910433 -0.089398414 -0.4877899 -0.42593914 -0.4094992 -0.35700458 -0.45575774 -0.37156266 -0.35464942 -0.14020684 -0.04731047 -0.48277372 -0.38036197 -0.37414244 -0.4554486 -0.4778936 -0.48034805 -0.3972828 -0.39474353 -0.46090046 -0.5043967 -0.5088761 -0.44126037 -0.4104861 -0.47912028 -0.5065322 -0.54807264 -0.53245896 -0.009846207 0.12794481 0.19799426 0.2163125 0.19303258 0.19629677 0.2093702 0.17341621 0.07067887 0.13406384 0.14103098 0.1026127 0.04113114 
0.8247441 0.97630763 1.0 0.980425 0.9650502 0.9613953 0.9060876 0.83656055 0.8006889 0.5255315 -0.3504401 -0.3351995 -0.33413622 -0.33438662 -0.3295528 -0.3235674 -0.33679754 -0.37272483 -0.3406037 -0.37726766 -0.39798504 -0.41944093 0.33601138 0.35680032 -0.23939466 -0.4849486 -0.3696079 -0.38963515 -0.1973163 0.26477107 0.39240146 0.557484 0.5943018 -0.21388562 -0.43974602 -0.41758886 -0.13157225 -0.025895199 -0.3918705 -0.33960056 -0.37655422 -0.44859135 -0.120348476 0.20033142 0.2270681 -0.3781192 -0.36263946 -0.29884732 -0.41414496 -0.013453334 -0.35315046 -0.35552144 -0.34091154 -0.40640026 -0.2528042 0.043766886 0.4007771 0.6620041 0.37471598 0.7211958 0.6806874 0.48859325 -0.1271041 -0.40096322 -0.25884444 -0.24494937 -0.2597615 -0.28892952 -0.26395607 -0.33585894 -0.22559707 NaN NaN NaN NaN NaN NaN NaN NaN NaN NaN NaN NaN NaN NaN NaN NaN NaN NaN NaN NaN NaN -0.33706108 -0.30428278 -0.19767371 -0.23458605 -0.1642417 -0.30554262 -0.34490353 -0.28362954 -0.2282463 -0.3427584 -0.35548022 -0.34089082 -0.37645188 -0.4017999 -0.31550375 -0.22002423 -0.34280583 -0.34563726 -0.32537287 -0.34482193 -0.33001673 0.1161183 0.28110924 0.17092963 -0.24055949 -0.38322595 -0.38207674 -0.409172 -0.39036715 -0.39231476 -0.40047196 -0.39283422 -0.40460867 -0.3982571 -0.38445395 -0.285814 -0.31480673 -0.3211561 -0.25969926 -0.38354596 -0.207001 0.11006094 0.28016806 0.290572 0.22733286 -0.005680184 0.22067654 0.24994902 0.0966861 -0.10348502 -0.45468614 -0.43778414 -0.38547736 -0.3260322 -0.42365924 -0.33363664 -0.35877785 -0.17150094 -0.07906206 -0.486219 -0.36200067 -0.35582545 -0.44202262 -0.48164612 -0.47902498 -0.4017066 -0.39920235 -0.45314637 -0.49712273 -0.5053385 -0.4604506 -0.42768162 -0.4679615 -0.5036541 -0.5409941 -0.54944265 -0.03830618 0.10539478 0.1961802 0.22732261 0.20649272 0.21310174 0.2308564 0.18633229 0.07702449 0.14551423 0.14572836 0.09651745 0.030402424 
0.8667691 0.99182427 0.980425 1.0 0.9929567 0.987205 0.9356201 0.8780004 0.841867 0.58757204 -0.33100215 -0.33114645 -0.33486095 -0.33612517 -0.3318559 -0.32613453 -0.33968788 -0.36646232 -0.32658777 -0.38862303 -0.40559003 -0.41892013 0.37957224 0.3989528 -0.2070526 -0.48460868 -0.37301043 -0.39286658 -0.16961445 0.29763228 0.43339637 0.60658383 0.63393784 -0.25489363 -0.4449587 -0.4388263 -0.17945862 -0.05244424 -0.39753422 -0.32900575 -0.38814738 -0.45841408 -0.13213034 0.21941027 0.26643708 -0.3946377 -0.37664872 -0.29605606 -0.42935726 0.015849812 -0.3475342 -0.3663575 -0.35454357 -0.42456287 -0.24156387 0.06840428 0.43073934 0.685562 0.37427896 0.7336114 0.70561963 0.5338501 -0.10735808 -0.4044819 -0.27553436 -0.2610486 -0.27127007 -0.28570804 -0.2572236 -0.33118117 -0.247566 NaN NaN NaN NaN NaN NaN NaN NaN NaN NaN NaN NaN NaN NaN NaN NaN NaN NaN NaN NaN NaN -0.32966176 -0.29103884 -0.20840709 -0.2549925 -0.16176552 -0.31975988 -0.37111765 -0.30413678 -0.22598076 -0.3589349 -0.37741265 -0.36257228 -0.40045884 -0.4196452 -0.3133931 -0.22970827 -0.3676747 -0.37617686 -0.34877864 -0.36045578 -0.33454958 0.14902377 0.31744534 0.19728298 -0.21975084 -0.3719154 -0.4068645 -0.43276393 -0.41830233 -0.4136089 -0.41543072 -0.40603438 -0.41435343 -0.41076916 -0.40359002 -0.32166246 -0.3492544 -0.356236 -0.2844694 -0.41901278 -0.21744154 0.12383772 0.28811228 0.2986477 0.23459008 -0.01052504 0.23054937 0.25882187 0.10468109 -0.101482205 -0.49183726 -0.43749902 -0.41086712 -0.36201793 -0.45712444 -0.36779034 -0.3526388 -0.14600812 -0.05465619 -0.4894253 -0.38213587 -0.3763837 -0.45865032 -0.48330924 -0.48309103 -0.4038685 -0.4015965 -0.46511447 -0.5080191 -0.5128375 -0.45091602 -0.41933447 -0.4848044 -0.5153325 -0.55404806 -0.54053676 -0.012105947 0.12885877 0.2038413 0.22678389 0.20483707 0.20787357 0.22472553 0.18099955 0.07813805 0.13564867 0.13697666 0.09694966 0.02487014 
0.8610387 0.9805301 0.9650502 0.9929567 1.0 0.99290293 0.94259703 0.89728564 0.86354226 0.6031639 -0.34693527 -0.34642264 -0.3478027 -0.34829995 -0.34416276 -0.3380395 -0.3517018 -0.377823 -0.33497733 -0.3998954 -0.4201394 -0.43065894 0.3942441 0.41349587 -0.2096926 -0.5007582 -0.38851237 -0.409162 -0.17248423 0.31537136 0.44772846 0.62433386 0.6602273 -0.24871494 -0.4570958 -0.44696352 -0.1698293 -0.041980002 -0.4068684 -0.3403928 -0.40262485 -0.47147083 -0.11775402 0.2386607 0.28126842 -0.39624023 -0.38212502 -0.30519256 -0.43792304 0.018439265 -0.3592819 -0.37935576 -0.3664843 -0.43530476 -0.25350878 0.06202184 0.4457123 0.7069597 0.3908504 0.75619984 0.7282091 0.5433504 -0.11763752 -0.42095104 -0.2847381 -0.27009585 -0.28352806 -0.30490017 -0.27519462 -0.35019925 -0.25449073 NaN NaN NaN NaN NaN NaN NaN NaN NaN NaN NaN NaN NaN NaN NaN NaN NaN NaN NaN NaN NaN -0.3450824 -0.29516453 -0.2002459 -0.24309494 -0.15605852 -0.316958 -0.36989665 -0.3002001 -0.2236507 -0.358036 -0.37425366 -0.35957423 -0.4017582 -0.42451388 -0.31657642 -0.22477542 -0.3670302 -0.37469354 -0.35224995 -0.3649047 -0.33688623 0.15452108 0.3268163 0.20298971 -0.22399697 -0.38014925 -0.4079469 -0.43390986 -0.42021227 -0.41802925 -0.4229361 -0.415014 -0.42518932 -0.42011037 -0.40810642 -0.3145792 -0.34258527 -0.3483462 -0.2785942 -0.41714996 -0.21997365 0.12646404 0.2947581 0.30544353 0.23910102 -0.018441081 0.23741709 0.26889795 0.11349011 -0.10098289 -0.49372765 -0.45108432 -0.41209102 -0.35616937 -0.45776996 -0.3682273 -0.36004123 -0.14569974 -0.053614445 -0.50323796 -0.38794863 -0.38172743 -0.4680041 -0.49586424 -0.49970886 -0.4213853 -0.4199573 -0.48054788 -0.5222275 -0.52983755 -0.46559 -0.4300171 -0.4938454 -0.52469426 -0.5625197 -0.5560672 -0.010459563 0.13700688 0.21388644 0.23743607 0.21502516 0.21825975 0.23579088 0.18574837 0.08170193 0.13472213 0.1315975 0.096504286 0.025329418 
0.85540456 0.9745967 0.9613953 0.987205 0.99290293 1.0 0.9619165 0.9245276 0.8969415 0.64632773 -0.34190083 -0.351753 -0.3558493 -0.35766178 -0.35175863 -0.34674087 -0.36120075 -0.3754911 -0.33213228 -0.41329718 -0.43215534 -0.43724158 0.43523428 0.45541692 -0.19097084 -0.5123661 -0.39930046 -0.42140552 -0.15195487 0.34368274 0.4736871 0.663995 0.69669294 -0.27219468 -0.4669485 -0.4620796 -0.1947109 -0.043826 -0.4160958 -0.33659068 -0.4171424 -0.48105988 -0.11454398 0.26340103 0.3181364 -0.41669366 -0.3960966 -0.311401 -0.45947948 0.042072643 -0.36248767 -0.39389545 -0.38129377 -0.45520365 -0.24861713 0.08001961 0.469697 0.7278811 0.3954264 0.77796805 0.7506501 0.56816185 -0.10683657 -0.43307024 -0.29994273 -0.28333625 -0.29482996 -0.3083147 -0.27433363 -0.35506657 -0.26715058 NaN NaN NaN NaN NaN NaN NaN NaN NaN NaN NaN NaN NaN NaN NaN NaN NaN NaN NaN NaN NaN -0.35380274 -0.29263335 -0.20903565 -0.25645587 -0.14706261 -0.3228462 -0.38967738 -0.3151627 -0.21701752 -0.37041256 -0.3926963 -0.37171826 -0.42408913 -0.44513398 -0.31676173 -0.22821696 -0.381476 -0.39761078 -0.3697323 -0.3766905 -0.34239474 0.18663923 0.36482126 0.23856977 -0.20586622 -0.37849602 -0.4303184 -0.45248967 -0.44514737 -0.44076172 -0.44305128 -0.43286443 -0.4412303 -0.43748555 -0.42647597 -0.3354873 -0.35661662 -0.3614905 -0.2743906 -0.4220453 -0.20491482 0.15673056 0.3158263 0.31864944 0.25328824 -0.0105302185 0.25414193 0.28719583 0.1261028 -0.08603017 -0.5166143 -0.446984 -0.42904317 -0.36774057 -0.4713171 -0.39137548 -0.36283627 -0.123978496 -0.02681908 -0.507309 -0.40779936 -0.40136197 -0.48650974 -0.5017263 -0.51440305 -0.43189898 -0.4301247 -0.4964587 -0.5360462 -0.5438795 -0.46359178 -0.42383376 -0.5092049 -0.5337267 -0.57686293 -0.5591595 0.007911084 0.15525061 0.22299556 0.24284866 0.21860659 0.22551116 0.24313273 0.1866574 0.08399558 0.13285851 0.13042156 0.097857736 0.026340881 
0.8269303 0.9156959 0.9060876 0.9356201 0.94259703 0.9619165 1.0 0.9676366 0.9423543 0.7314512 -0.22247534 -0.27066466 -0.2892162 -0.30046555 -0.2929885 -0.28817865 -0.30936733 -0.30868128 -0.26915854 -0.38437212 -0.39101586 -0.40263897 0.5210969 0.54928863 -0.08097632 -0.46188194 -0.36310333 -0.39538628 -0.04918646 0.40713856 0.50129056 0.7427252 0.727436 -0.34659573 -0.46067378 -0.48231372 -0.28815842 -0.10445344 -0.41270375 -0.31966826 -0.42429796 -0.47577086 -0.12082555 0.29475382 0.38320586 -0.43499976 -0.41407642 -0.32312512 -0.50564283 0.07825605 -0.35673466 -0.4107438 -0.40274456 -0.4907939 -0.23660253 0.13625225 0.49362057 0.7190837 0.35436296 0.76008326 0.73288447 0.5782832 -0.090597026 -0.44548196 -0.33641452 -0.31136024 -0.3092172 -0.24428919 -0.16815792 -0.2782603 -0.23901689 NaN NaN NaN NaN NaN NaN NaN NaN NaN NaN NaN NaN NaN NaN NaN NaN NaN NaN NaN NaN NaN -0.36191803 -0.2955577 -0.25192374 -0.3105285 -0.13809428 -0.34531683 -0.4311993 -0.34879252 -0.20800821 -0.39177236 -0.43168074 -0.40342027 -0.46231908 -0.46694967 -0.3075379 -0.24106477 -0.4124329 -0.45090294 -0.40401226 -0.39537942 -0.34547573 0.23467001 0.41842476 0.3085289 -0.13333412 -0.35825664 -0.47632623 -0.49197862 -0.4883132 -0.462777 -0.44873267 -0.42984995 -0.42675453 -0.43015623 -0.43779394 -0.39261627 -0.40789288 -0.40953657 -0.29139897 -0.44020376 -0.1812318 0.19231099 0.3148985 0.30090937 0.26122847 0.04595878 0.2675085 0.28601545 0.1312513 -0.0889208 -0.5570347 -0.4125052 -0.45289293 -0.4218191 -0.5238751 -0.44860414 -0.36399236 -0.06529149 0.036333703 -0.49078733 -0.4374142 -0.42520958 -0.49906355 -0.4827133 -0.49436784 -0.38435742 -0.3775466 -0.48251247 -0.5379488 -0.53135574 -0.40315783 -0.36806777 -0.51107603 -0.52126163 -0.56255597 -0.49472868 0.05912419 0.17421222 0.21682796 0.23298573 0.20348856 0.21143822 0.2313692 0.1547354 0.06869804 0.09023773 0.09338981 0.06784959 0.0021166136 
0.8098654 0.85738456 0.83656055 0.8780004 0.89728564 0.9245276 0.9676366 1.0 0.98833257 0.8130267 -0.29023433 -0.3687766 -0.3819428 -0.3884012 -0.3810782 -0.37935448 -0.3978827 -0.34445578 -0.3027782 -0.46991578 -0.48144513 -0.45091778 0.6159894 0.6455252 -0.07275981 -0.5450525 -0.45264593 -0.47970688 -0.022436472 0.5122409 0.60912126 0.834748 0.8351685 -0.38015425 -0.505214 -0.5268002 -0.3098325 -0.047721423 -0.4492349 -0.3197995 -0.4943784 -0.5133181 -0.0775315 0.3816383 0.49107122 -0.4638437 -0.43102616 -0.3175445 -0.5502912 0.1532528 -0.37550113 -0.47277185 -0.4646089 -0.54568857 -0.23108307 0.17320436 0.57692176 0.78729695 0.32796976 0.81582046 0.7995021 0.6541937 -0.05906797 -0.4892858 -0.38469 -0.36202598 -0.3675312 -0.3394559 -0.27502525 -0.37924713 -0.33012107 NaN NaN NaN NaN NaN NaN NaN NaN NaN NaN NaN NaN NaN NaN NaN NaN NaN NaN NaN NaN NaN -0.39058322 -0.2351989 -0.19235036 -0.26397803 -0.065665245 -0.3143042 -0.44000313 -0.3444511 -0.15342534 -0.39132473 -0.43305573 -0.39174065 -0.4937214 -0.5120259 -0.2740574 -0.20026521 -0.4113016 -0.46981132 -0.4242881 -0.40160146 -0.33461103 0.3458294 0.5276604 0.4060034 -0.07649311 -0.3294889 -0.49890238 -0.49512202 -0.525123 -0.5118892 -0.50504744 -0.49029925 -0.4922801 -0.4937053 -0.4820676 -0.39788988 -0.38456026 -0.3782435 -0.23371701 -0.42008585 -0.11791063 0.29632297 0.3971406 0.35786194 0.3154486 0.03526301 0.33746508 0.37225267 0.20968568 -0.0018798055 -0.58756375 -0.39007726 -0.4594293 -0.3775546 -0.50272 -0.47704193 -0.3200358 0.03817876 0.13100675 -0.48530588 -0.4789769 -0.46833634 -0.53213996 -0.48527175 -0.55364096 -0.47326872 -0.47262615 -0.5598957 -0.5692062 -0.57916546 -0.40156096 -0.34217817 -0.53883463 -0.52225137 -0.58128273 -0.5017397 0.14657252 0.26466915 0.28778324 0.27553162 0.24879923 0.24832138 0.26664844 0.18316247 0.09521661 0.10703914 0.11200475 0.09516401 0.02705069 
0.7727727 0.8204414 0.8006889 0.841867 0.86354226 0.8969415 0.9423543 0.98833257 1.0 0.8443336 -0.29342857 -0.38768715 -0.40168187 -0.40854058 -0.40020958 -0.40052554 -0.41862753 -0.3364031 -0.28879884 -0.4916911 -0.50336593 -0.45413724 0.664297 0.68636435 -0.046969224 -0.56044537 -0.4721771 -0.49777395 0.009390922 0.54278994 0.60702235 0.86097676 0.86695164 -0.4033741 -0.507999 -0.53358287 -0.33229938 -0.03315455 -0.4500926 -0.2989546 -0.51143795 -0.5132396 -0.06683073 0.39565814 0.5334127 -0.47518915 -0.43035638 -0.30085456 -0.5606164 0.2079911 -0.35984817 -0.4852469 -0.48020354 -0.56016517 -0.20610486 0.18690123 0.5906523 0.7919357 0.33693883 0.81620455 0.80511564 0.6758438 -0.02779116 -0.49104813 -0.3975903 -0.37478063 -0.37942696 -0.3525681 -0.29039517 -0.3963953 -0.35669085 NaN NaN NaN NaN NaN NaN NaN NaN NaN NaN NaN NaN NaN NaN NaN NaN NaN NaN NaN NaN NaN -0.3959258 -0.20321544 -0.18353915 -0.2593327 -0.0365963 -0.30653745 -0.45300564 -0.3518093 -0.12575997 -0.39629048 -0.43991932 -0.38363656 -0.50976634 -0.52995855 -0.24966742 -0.18229339 -0.41171098 -0.4860345 -0.4362356 -0.399872 -0.3211509 0.3980247 0.57421905 0.4488531 -0.039891865 -0.3003923 -0.5091421 -0.49098834 -0.54294837 -0.52972955 -0.5223563 -0.5093751 -0.51063013 -0.5121801 -0.49710882 -0.40568328 -0.37469894 -0.36767176 -0.20460953 -0.40731287 -0.0714677 0.33951458 0.42349824 0.37123138 0.3240608 0.015242367 0.3520945 0.393169 0.24121015 0.046035547 -0.5942821 -0.35993683 -0.45983344 -0.35788262 -0.4933776 -0.49580663 -0.3237561 0.07480868 0.17748308 -0.4736469 -0.49590778 -0.4816876 -0.53609955 -0.47019225 -0.56640583 -0.49044275 -0.48963448 -0.5756655 -0.5688761 -0.58249116 -0.37564808 -0.31090164 -0.5428458 -0.5082923 -0.57013136 -0.47687188 0.1826389 0.29325035 0.30370313 0.27694228 0.24850665 0.24593529 0.25893793 0.18298505 0.104453415 0.10766496 0.11128101 0.10368543 0.035607047 
0.62817425 0.5772279 0.5255315 0.58757204 0.6031639 0.64632773 0.7314512 0.8130267 0.8443336 1.0 -0.054121327 -0.33924672 -0.37160984 -0.3822272 -0.37507656 -0.38942552 -0.40533498 -0.07677246 -0.029635025 -0.5046415 -0.49792367 -0.27836928 0.8858048 0.9069095 0.2842475 -0.47933096 -0.49678195 -0.5128926 0.34389302 0.78146243 0.6872863 0.93197656 0.876563 -0.5098737 -0.3643819 -0.46735424 -0.48633704 0.09237879 -0.3211807 -0.040994514 -0.5486353 -0.38488102 0.08944663 0.5850307 0.7761924 -0.41622227 -0.28946817 -0.09552911 -0.55634797 0.4981098 -0.20008098 -0.5297127 -0.54751396 -0.5875087 0.017118823 0.42069402 0.6690946 0.66788125 0.20153554 0.59528834 0.6234113 0.6486104 0.18751496 -0.43567538 -0.48715118 -0.46522295 -0.45482978 -0.36036074 -0.27070934 -0.40259832 -0.46843424 NaN NaN NaN NaN NaN NaN NaN NaN NaN NaN NaN NaN NaN NaN NaN NaN NaN NaN NaN NaN NaN -0.38836113 0.008278138 -0.10743915 -0.22760127 0.15667032 -0.20866993 -0.4474005 -0.29896346 0.0845509 -0.32388943 -0.4100843 -0.30088988 -0.5606816 -0.5764899 -0.06042612 -0.047882974 -0.3569444 -0.5396465 -0.45313776 -0.33216998 -0.19205482 0.59889406 0.69375926 0.62381166 0.23018791 -0.092642866 -0.55261034 -0.43833765 -0.6199577 -0.59648645 -0.5712409 -0.5546212 -0.5391849 -0.5512092 -0.53567237 -0.44955623 -0.31968707 -0.29087758 -0.030773522 -0.28713 0.18963152 0.5337029 0.38725543 0.29894608 0.2922037 -0.012483885 0.31536493 0.36531287 0.3671945 0.32917762 -0.54567075 -0.061393764 -0.37818828 -0.22489418 -0.36060882 -0.5595186 -0.13769451 0.40474895 0.4563761 -0.26677552 -0.5580196 -0.53441817 -0.50007516 -0.2624524 -0.5279573 -0.50682855 -0.5050731 -0.5971021 -0.4664159 -0.5094187 -0.08491799 -0.015395886 -0.45101845 -0.312999 -0.40284178 -0.19761413 0.38641828 0.3129349 0.2166507 0.15917625 0.12404184 0.11749421 0.121979594 0.068092525 0.04597464 0.0038503823 0.018361686 0.044802684 0.007960955 
-0.25345728 -0.32101056 -0.3504401 -0.33100215 -0.34693527 -0.34190083 -0.22247534 -0.29023433 -0.29342857 -0.054121327 1.0 0.8557094 0.8213982 0.7903247 0.79201686 0.7706638 0.76303023 0.8273159 0.80386186 0.69504476 0.72634834 0.7021631 -0.0140496185 -0.0430898 0.6449903 0.7370888 0.57480407 0.5555797 0.5054352 -0.083996534 -0.26713577 -0.25509927 -0.40279955 0.15555881 0.57070565 0.4536953 -0.031649083 -0.090801075 0.45924208 0.37526017 0.40545574 0.45058954 0.064924076 -0.12840283 -0.1143781 0.30180204 0.30992156 0.25641522 0.31920984 0.03929717 0.38726622 0.32905778 0.29641497 0.32772502 0.30172786 0.04142249 -0.3781252 -0.5891224 -0.22809465 -0.6133025 -0.6129253 -0.46438813 0.022561816 0.29316545 0.12445555 0.12315158 0.1718316 0.49746528 0.61815345 0.5388129 0.31208044 NaN NaN NaN NaN NaN NaN NaN NaN NaN NaN NaN NaN NaN NaN NaN NaN NaN NaN NaN NaN NaN 0.19493513 -0.02757025 -0.21881804 -0.21859273 -0.10676468 -0.014772283 0.060759693 0.031199746 2.9902963E-4 0.08713586 0.061676625 0.029482495 0.10609894 0.19825074 0.06469783 -0.029549846 0.072830155 0.048049357 0.111591004 0.12817906 0.12977223 -0.25358063 -0.34621695 -0.24182558 0.09224327 0.14271908 0.07972572 0.107710645 0.12714674 0.22294685 0.28861377 0.32160094 0.37366557 0.3509053 0.23987702 -0.035221823 -0.0586079 -0.07245069 -0.06299034 0.03877472 -0.0030903083 -0.29022124 -0.51499486 -0.5347322 -0.46777102 -0.18394643 -0.5028766 -0.5320091 -0.32280895 -0.18395695 0.19467846 0.23935986 0.142807 -0.08649171 0.03263108 0.062267687 0.103645496 -0.060430277 -0.10206727 0.22939518 0.1551003 0.16373691 0.20555061 0.30435187 0.40344945 0.4964258 0.521738 0.41334662 0.33084142 0.37516707 0.35717022 0.2576908 0.25891992 0.26380125 0.2963927 0.38373253 -0.2424203 -0.4433141 -0.5266152 -0.51660734 -0.54107803 -0.53727055 -0.5298327 -0.5054127 -0.27694455 -0.45790616 -0.45283592 -0.43329668 -0.36154 
-0.31038356 -0.321802 -0.3351995 -0.33114645 -0.34642264 -0.351753 -0.27066466 -0.3687766 -0.38768715 -0.33924672 0.8557094 1.0 0.983359 0.96185774 0.96559155 0.95886904 0.9483006 0.58908635 0.550693 0.8930909 0.89593226 0.52337074 -0.36646205 -0.38630596 0.2680472 0.7734423 0.78175783 0.7341511 0.10612085 -0.43899813 -0.3874365 -0.4720591 -0.56146944 0.335247 0.45216992 0.43029433 0.208744 -0.27868176 0.3186209 0.07826246 0.57876503 0.3711613 -0.16505004 -0.44515157 -0.48782414 0.24273661 0.108328454 -0.029519875 0.33660558 -0.34287488 0.24894932 0.4984542 0.50219464 0.4367492 0.0660974 -0.274943 -0.575115 -0.62279385 -0.19105 -0.58298194 -0.59364223 -0.54400605 -0.23201223 0.30716458 0.32642698 0.33026296 0.36256447 0.6620296 0.77069277 0.718476 0.6115478 NaN NaN NaN NaN NaN NaN NaN NaN NaN NaN NaN NaN NaN NaN NaN NaN NaN NaN NaN NaN NaN 0.319624 -0.29716432 -0.36604577 -0.2971897 -0.39196506 -0.17785622 0.04018267 -0.08394377 -0.30027348 -0.013025999 0.026189966 -0.09590818 0.22913037 0.3579564 -0.16284616 -0.22426403 -0.017824754 0.12874846 0.12854691 0.013605202 -0.063311115 -0.53283226 -0.5385745 -0.4969206 -0.22301355 -0.045089934 0.17392929 0.036017057 0.31252635 0.42176357 0.479394 0.51037985 0.5475793 0.53886884 0.3809401 0.014007303 -0.161608 -0.1799325 -0.27947587 -0.075305276 -0.29962966 -0.5020366 -0.5207365 -0.49728915 -0.48172137 -0.14366588 -0.518081 -0.53501886 -0.42010024 -0.4697034 0.17338811 -0.04591498 0.08005271 -0.22228926 -0.105305575 0.18865821 -0.023304062 -0.34371257 -0.35813153 0.07236211 0.3504727 0.35027418 0.2420418 0.1136307 0.4928652 0.7131937 0.74195474 0.61604416 0.30436495 0.4180165 0.124407604 0.0047902917 0.21962821 0.09899064 0.18254703 0.19242169 -0.40989757 -0.4573852 -0.4662812 -0.43642953 -0.45014763 -0.44681048 -0.43248862 -0.40295374 -0.20932737 -0.3414983 -0.34185687 -0.3431804 -0.29268894 
-0.31957743 -0.32636598 -0.33413622 -0.33486095 -0.3478027 -0.3558493 -0.2892162 -0.3819428 -0.40168187 -0.37160984 0.8213982 0.983359 1.0 0.9905683 0.9899534 0.98354435 0.9726623 0.5936086 0.5461963 0.9237446 0.9092922 0.522925 -0.40363172 -0.4206607 0.22352533 0.7620657 0.7689252 0.72771055 0.06750229 -0.45492655 -0.39013755 -0.49652117 -0.56961673 0.38996857 0.4578573 0.45581812 0.27134818 -0.24056925 0.32162482 0.06100034 0.58243257 0.371277 -0.15371291 -0.4505877 -0.51443523 0.26042372 0.113404974 -0.034040377 0.35441142 -0.37118992 0.23734817 0.5010453 0.5073107 0.4507139 0.044166394 -0.3079655 -0.58948416 -0.62144613 -0.19052184 -0.5789657 -0.59037524 -0.5615454 -0.26757476 0.2830568 0.31229633 0.30906257 0.33100012 0.5883824 0.6878156 0.65249544 0.57417744 NaN NaN NaN NaN NaN NaN NaN NaN NaN NaN NaN NaN NaN NaN NaN NaN NaN NaN NaN NaN NaN 0.3408303 -0.2805789 -0.31467098 -0.23270462 -0.37846977 -0.15062547 0.075130865 -0.06619681 -0.30607805 -0.0012210861 0.05650585 -0.071601704 0.27009177 0.39265874 -0.16473222 -0.22274035 -0.0029344296 0.16572452 0.14417565 0.016892472 -0.06617772 -0.5646981 -0.5658242 -0.5299213 -0.25075984 -0.034823515 0.22821611 0.070374854 0.34864724 0.4379238 0.47936544 0.5002963 0.53178537 0.5332002 0.38796267 0.04988357 -0.13058878 -0.14074141 -0.26512173 -0.059811927 -0.32036585 -0.52999735 -0.53263414 -0.50838953 -0.5019872 -0.18083811 -0.52996075 -0.5441672 -0.44166967 -0.49302796 0.19122706 -0.08466353 0.081764236 -0.20986566 -0.09424324 0.23195405 -0.019089842 -0.37376577 -0.39374864 0.07560977 0.4055602 0.40217006 0.26918057 0.10397105 0.49726912 0.70323753 0.72321403 0.62343585 0.30234498 0.4154275 0.080816835 -0.03766195 0.21829602 0.084665135 0.17393793 0.14805448 -0.43915802 -0.47305256 -0.47184935 -0.4432996 -0.45403937 -0.45024836 -0.43521702 -0.408568 -0.20917976 -0.34720868 -0.3477343 -0.35318488 -0.29834872 
-0.31944457 -0.32748333 -0.33438662 -0.33612517 -0.34829995 -0.35766178 -0.30046555 -0.3884012 -0.40854058 -0.3822272 0.7903247 0.96185774 0.9905683 1.0 0.9943372 0.9894661 0.9798462 0.5953529 0.54472727 0.9330105 0.90877044 0.51503056 -0.41602245 -0.42718446 0.20749412 0.75164276 0.75914204 0.72378653 0.05829348 -0.4481908 -0.38447362 -0.5020008 -0.56485546 0.4240075 0.46400404 0.46993548 0.30091092 -0.20904194 0.32522225 0.06661378 0.58429027 0.3790215 -0.13565928 -0.4316502 -0.50891894 0.27260873 0.121013604 -0.022136552 0.36312288 -0.36733946 0.2417555 0.50426567 0.5126497 0.462533 0.05456181 -0.3047963 -0.57970595 -0.614359 -0.19208407 -0.57376146 -0.5844978 -0.56256294 -0.26495966 0.28503385 0.31143162 0.30364144 0.32073885 0.54969907 0.63659376 0.61038834 0.5498851 NaN NaN NaN NaN NaN NaN NaN NaN NaN NaN NaN NaN NaN NaN NaN NaN NaN NaN NaN NaN NaN 0.37265038 -0.25944516 -0.29684505 -0.2069632 -0.3685706 -0.145668 0.07867609 -0.06814792 -0.30742937 -0.0048316712 0.06057739 -0.06772603 0.27057028 0.39256996 -0.16759239 -0.21828957 -0.003266402 0.16724674 0.13857053 0.0036094545 -0.08069596 -0.5695748 -0.5707287 -0.5366757 -0.2610998 -0.03711113 0.23331448 0.07393722 0.3528369 0.43657234 0.46991035 0.49027708 0.51993525 0.522113 0.37877706 0.053582523 -0.12458861 -0.13160083 -0.26268342 -0.066086784 -0.32573637 -0.5340195 -0.5346524 -0.5100517 -0.506148 -0.19791113 -0.5307874 -0.5433001 -0.43744612 -0.49861312 0.18139413 -0.10234659 0.07820891 -0.1999404 -0.0881824 0.24996161 -0.01502231 -0.37993935 -0.4052227 0.06856484 0.42038703 0.41712055 0.27032876 0.09449568 0.48940966 0.6908751 0.70992583 0.6220609 0.30249688 0.41096392 0.06272372 -0.060504865 0.20686112 0.071983345 0.1620444 0.124194525 -0.44728252 -0.4789736 -0.474769 -0.4472611 -0.4556565 -0.45177028 -0.4369581 -0.41030782 -0.20890984 -0.34936744 -0.3503989 -0.35749012 -0.29959446 
-0.31919467 -0.32385856 -0.3295528 -0.3318559 -0.34416276 -0.35175863 -0.2929885 -0.3810782 -0.40020958 -0.37507656 0.79201686 0.96559155 0.9899534 0.9943372 1.0 0.99362665 0.98618746 0.595114 0.5462139 0.9334452 0.90722156 0.50393265 -0.41055647 -0.4225153 0.20273596 0.73931813 0.7531944 0.7139988 0.045960292 -0.45305443 -0.38094437 -0.4945997 -0.558826 0.4067362 0.44889045 0.4532698 0.28989813 -0.22155182 0.3140498 0.05651067 0.58375454 0.36662534 -0.15256403 -0.44096658 -0.5123261 0.2514687 0.10068457 -0.039900795 0.34818187 -0.37107697 0.23211573 0.49960935 0.51076335 0.45364895 0.05107857 -0.3018782 -0.57679534 -0.6054928 -0.18837202 -0.56364226 -0.5744388 -0.5498469 -0.26592955 0.27942786 0.31060427 0.3049406 0.32278135 0.5594038 0.64842165 0.61828226 0.55613995 NaN NaN NaN NaN NaN NaN NaN NaN NaN NaN NaN NaN NaN NaN NaN NaN NaN NaN NaN NaN NaN 0.3771399 -0.271876 -0.3142109 -0.22594379 -0.37934133 -0.15855803 0.06655253 -0.07994697 -0.31651223 -0.015994858 0.045483563 -0.08278295 0.2587874 0.382696 -0.17968248 -0.23506582 -0.015907964 0.1529054 0.12969728 -0.0031325414 -0.08781731 -0.5621144 -0.5593137 -0.5296897 -0.26474166 -0.050684977 0.21600845 0.052936044 0.334826 0.42668608 0.4622842 0.48636258 0.51756066 0.51915747 0.36847106 0.035500124 -0.14158529 -0.14832582 -0.27044806 -0.08019037 -0.33078218 -0.5245897 -0.5199664 -0.49523398 -0.49161354 -0.18130842 -0.5187629 -0.5294397 -0.4313941 -0.49182662 0.1704192 -0.10441961 0.062596895 -0.21759629 -0.10639421 0.2282527 -0.029605575 -0.37088823 -0.39333472 0.063069195 0.40262517 0.39501524 0.24548793 0.0810447 0.48075697 0.685446 0.7064138 0.61450106 0.28764406 0.40050903 0.055889558 -0.059161138 0.19219884 0.05909362 0.15228048 0.12728834 -0.43436167 -0.46159554 -0.45827204 -0.43102002 -0.439067 -0.43581963 -0.42117372 -0.395598 -0.20242934 -0.33630675 -0.33746883 -0.3426346 -0.2888933 
-0.31451008 -0.31850496 -0.3235674 -0.32613453 -0.3380395 -0.34674087 -0.28817865 -0.37935448 -0.40052554 -0.38942552 0.7706638 0.95886904 0.98354435 0.9894661 0.99362665 1.0 0.99111027 0.57711685 0.5271452 0.9446374 0.9147443 0.48497763 -0.43137723 -0.44203097 0.18001644 0.7408442 0.7655571 0.72539425 0.020984598 -0.47062048 -0.38419065 -0.50241 -0.56484926 0.4221752 0.44468457 0.45453703 0.30838206 -0.23362604 0.30665264 0.037450444 0.59455055 0.36152443 -0.1614047 -0.45614007 -0.5332689 0.25294897 0.08908809 -0.057949204 0.35268348 -0.39660293 0.22550613 0.5126755 0.5264301 0.46393865 0.035078015 -0.31848708 -0.58430046 -0.6040836 -0.18747556 -0.5593709 -0.5702022 -0.5543209 -0.27902937 0.28995535 0.33419603 0.32977766 0.3474332 0.5776127 0.66018033 0.6353139 0.58294535 NaN NaN NaN NaN NaN NaN NaN NaN NaN NaN NaN NaN NaN NaN NaN NaN NaN NaN NaN NaN NaN 0.37449482 -0.2900028 -0.31878164 -0.229963 -0.40028843 -0.16956306 0.06554886 -0.087375246 -0.33713508 -0.019977039 0.045393974 -0.09107364 0.2652863 0.38903156 -0.19747587 -0.25142154 -0.02214543 0.1611808 0.13511774 -0.008390953 -0.098783046 -0.5796877 -0.5715157 -0.5461295 -0.28381333 -0.0640252 0.22179958 0.049376786 0.34901342 0.4389294 0.47046784 0.4926067 0.52042675 0.5218495 0.37154457 0.03913024 -0.14715663 -0.15277645 -0.27997938 -0.08401074 -0.35011095 -0.5396836 -0.52252305 -0.49527383 -0.49392498 -0.17994313 -0.520836 -0.5309012 -0.43958825 -0.51486224 0.16902079 -0.1264972 0.06723662 -0.21916679 -0.114210814 0.24110588 -0.0354143 -0.3891345 -0.4127263 0.0544433 0.41929513 0.41612628 0.2549199 0.07095 0.48739663 0.70260453 0.724794 0.6302102 0.28723997 0.40452474 0.039982192 -0.07180585 0.19599311 0.051775843 0.15309693 0.11859278 -0.44522423 -0.46579686 -0.4580867 -0.4278073 -0.4363945 -0.43272382 -0.41872707 -0.39311904 -0.20071709 -0.33365902 -0.3351494 -0.34183028 -0.28849125 
-0.3323107 -0.33183852 -0.33679754 -0.33968788 -0.3517018 -0.36120075 -0.30936733 -0.3978827 -0.41862753 -0.40533498 0.76303023 0.9483006 0.9726623 0.9798462 0.98618746 0.99111027 1.0 0.5881839 0.53565335 0.95660955 0.92762554 0.491577 -0.45369235 -0.46114287 0.16772296 0.7505912 0.77894336 0.7416836 0.014408987 -0.4841653 -0.39123592 -0.52224267 -0.58112687 0.45712787 0.4816309 0.49467242 0.35010985 -0.21105029 0.343735 0.061950814 0.6404407 0.40218914 -0.13807304 -0.45377913 -0.54395306 0.29218674 0.12713183 -0.025632098 0.39945894 -0.39774343 0.26982117 0.56599534 0.5806039 0.5178711 0.05345343 -0.3079664 -0.59150493 -0.61985546 -0.1929275 -0.5764399 -0.5878991 -0.5730582 -0.26466182 0.34103757 0.39107874 0.3866855 0.4036766 0.6065875 0.65803295 0.6519629 0.60473937 NaN NaN NaN NaN NaN NaN NaN NaN NaN NaN NaN NaN NaN NaN NaN NaN NaN NaN NaN NaN NaN 0.40871313 -0.28645197 -0.3152193 -0.2268972 -0.4123893 -0.16943413 0.075026706 -0.09007424 -0.3489896 -0.023528812 0.04834289 -0.08788923 0.27612287 0.4051647 -0.20208846 -0.2568893 -0.014141189 0.17419647 0.14166078 -0.010157266 -0.10397203 -0.60105467 -0.5924811 -0.5684931 -0.29816166 -0.07723432 0.23127106 0.055270042 0.36727494 0.4657915 0.4981169 0.52366513 0.55077225 0.5504608 0.39093834 0.04761442 -0.14582771 -0.15479901 -0.29491797 -0.094518125 -0.3713445 -0.5590309 -0.54134476 -0.51436824 -0.5139873 -0.19645357 -0.5410599 -0.54939467 -0.4494817 -0.5308163 0.17410703 -0.1351362 0.07011282 -0.2259458 -0.113393754 0.24598949 -0.045671944 -0.41032428 -0.43722567 0.044934016 0.41609088 0.40865073 0.24629611 0.06083494 0.48055267 0.6976119 0.7242311 0.63846606 0.29772457 0.41578817 0.03564254 -0.07751897 0.20654282 0.053834584 0.1493694 0.107669406 -0.4618779 -0.484419 -0.47517717 -0.44596824 -0.45381466 -0.44995898 -0.43672886 -0.40915567 -0.20768091 -0.3482123 -0.3497975 -0.3562585 -0.29891682 
-0.29333937 -0.3583937 -0.37272483 -0.36646232 -0.377823 -0.3754911 -0.30868128 -0.34445578 -0.3364031 -0.07677246 0.8273159 0.58908635 0.5936086 0.5953529 0.595114 0.57711685 0.5881839 1.0 0.96961045 0.56048673 0.5566544 0.7699932 0.03249786 3.122102E-4 0.7126982 0.6375812 0.3379741 0.36536703 0.5937279 0.044017874 -0.24425219 -0.270086 -0.36842996 0.2308351 0.69055873 0.5593086 0.0024350423 0.20580684 0.5967037 0.5929108 0.30134124 0.52372557 0.27394783 0.06641539 0.02199626 0.42810866 0.5269426 0.5241047 0.42525917 0.23900266 0.4837639 0.24143276 0.18652421 0.3662896 0.50325286 0.19272609 -0.28084964 -0.5650743 -0.22814241 -0.6064232 -0.60553104 -0.4596205 0.2071277 0.3560371 0.044549875 0.016788905 0.044394385 0.21900038 0.26258606 0.2196087 0.029006924 NaN NaN NaN NaN NaN NaN NaN NaN NaN NaN NaN NaN NaN NaN NaN NaN NaN NaN NaN NaN NaN 0.13652465 0.22275874 0.025675531 0.017789764 0.108471654 0.19299243 0.21086055 0.21860579 0.23411103 0.25204426 0.2115117 0.23917407 0.1317079 0.1609281 0.25916365 0.16441698 0.26463017 0.14048126 0.19492254 0.27756804 0.30656072 -0.16003329 -0.3265524 -0.20434195 0.18056689 0.24826169 0.13032936 0.2795625 0.09963807 0.12277994 0.13954554 0.14811398 0.19163156 0.17176111 0.15143558 0.07228201 0.16901273 0.16023318 0.1463102 0.17875457 0.14080293 -0.2620972 -0.52896416 -0.55961835 -0.4878298 -0.29987368 -0.49826616 -0.5373902 -0.31123033 -0.017415967 0.34292567 0.38334414 0.28118396 0.16218665 0.29272854 0.14809266 0.23519927 0.011625028 -0.054826297 0.3426282 0.13226484 0.13721329 0.27694157 0.45130366 0.34230348 0.25875133 0.27459568 0.27750716 0.4049599 0.36553547 0.4234463 0.33901313 0.34253228 0.39513606 0.42254367 0.42784438 -0.23492159 -0.4632851 -0.54643536 -0.544457 -0.55963737 -0.55367404 -0.5539648 -0.5284729 -0.29404742 -0.49070573 -0.4875167 -0.47082493 -0.37030756 
-0.23849195 -0.3192691 -0.3406037 -0.32658777 -0.33497733 -0.33213228 -0.26915854 -0.3027782 -0.28879884 -0.029635025 0.80386186 0.550693 0.5461963 0.54472727 0.5462139 0.5271452 0.53565335 0.96961045 1.0 0.503837 0.50364643 0.7483118 0.09963282 0.05096671 0.744985 0.60112584 0.2888181 0.31501016 0.6234837 0.078500025 -0.2369691 -0.22906542 -0.3242928 0.17156105 0.66305226 0.5289469 -0.046602175 0.19339938 0.5731761 0.6066267 0.2568887 0.5043128 0.28247622 0.08651176 0.069418095 0.4026092 0.52502793 0.5438653 0.40341154 0.2930502 0.4844355 0.20141888 0.14484648 0.3270964 0.52951956 0.20166424 -0.2582249 -0.54206246 -0.20996246 -0.5833212 -0.5804393 -0.43346885 0.21545303 0.32377398 0.008340877 -0.01676695 0.013937807 0.19346346 0.24907191 0.19974366 0.0014937505 NaN NaN NaN NaN NaN NaN NaN NaN NaN NaN NaN NaN NaN NaN NaN NaN NaN NaN NaN NaN NaN 0.10840003 0.25970826 0.05456579 0.031904656 0.16148224 0.23050797 0.22820576 0.25256234 0.2915708 0.28674257 0.24206334 0.28082976 0.13277084 0.14942905 0.28920376 0.20156166 0.2915947 0.14692433 0.20837934 0.31253344 0.35270268 -0.09705613 -0.28484887 -0.15528649 0.22392833 0.27378136 0.13244553 0.3056259 0.08792909 0.108019315 0.1254752 0.13702497 0.17846999 0.15578566 0.14870913 0.08603078 0.20109135 0.19912039 0.1997944 0.21878727 0.19845882 -0.24304721 -0.52206415 -0.5611918 -0.4929046 -0.33036226 -0.49668545 -0.5345635 -0.3135244 0.011675903 0.32882914 0.39560908 0.28239864 0.20183168 0.3156875 0.13457964 0.23416151 0.021567056 -0.024905974 0.34655026 0.09049957 0.08515319 0.24751158 0.4545364 0.2994596 0.20404336 0.22600967 0.24050649 0.4053635 0.3547068 0.42725468 0.34892884 0.33123815 0.39882138 0.4141685 0.42803177 -0.24696767 -0.4722995 -0.5581665 -0.5628561 -0.57391644 -0.56834257 -0.57052934 -0.5490955 -0.30480134 -0.51439434 -0.5108088 -0.49168512 -0.39026985 
-0.39117104 -0.38338798 -0.37726766 -0.38862303 -0.3998954 -0.41329718 -0.38437212 -0.46991578 -0.4916911 -0.5046415 0.69504476 0.8930909 0.9237446 0.9330105 0.9334452 0.9446374 0.95660955 0.56048673 0.503837 1.0 0.9737736 0.5638634 -0.54247594 -0.5540592 0.1412978 0.81421936 0.8211878 0.79884565 -0.01488101 -0.5557216 -0.44876143 -0.6121557 -0.6577672 0.5873829 0.5878781 0.62426317 0.4815697 -0.14769574 0.4484059 0.11466154 0.72655094 0.49315494 -0.06388266 -0.45676896 -0.60924304 0.42180204 0.23866975 0.042761933 0.5378132 -0.45159063 0.32215738 0.6582414 0.67586386 0.64210314 0.059837446 -0.34007043 -0.6596401 -0.69494736 -0.21318464 -0.64305925 -0.6605323 -0.6778934 -0.28570205 0.44453156 0.5091916 0.5023056 0.50951594 0.62266517 0.61035335 0.6606112 0.6392599 NaN NaN NaN NaN NaN NaN NaN NaN NaN NaN NaN NaN NaN NaN NaN NaN NaN NaN NaN NaN NaN 0.4675564 -0.23316415 -0.2150652 -0.10231586 -0.36479524 -0.055281192 0.21321265 0.028667394 -0.30640063 0.09049055 0.17567663 0.012819551 0.3948486 0.51200026 -0.15623435 -0.20072089 0.09696791 0.3066849 0.2527788 0.08293047 -0.027952027 -0.68461657 -0.694984 -0.6631953 -0.3230416 -0.05693068 0.3488692 0.15441102 0.47946346 0.55837333 0.57547003 0.59426093 0.6091844 0.6104525 0.47499487 0.16146742 -0.03842363 -0.06657082 -0.26092204 -0.022613687 -0.40734646 -0.66485596 -0.6350782 -0.60215145 -0.6087103 -0.2813388 -0.6333958 -0.6381924 -0.5332598 -0.60299647 0.27883902 -0.16076511 0.15050474 -0.16668944 -0.02268722 0.37465557 0.0013784722 -0.49082386 -0.5484346 0.07244719 0.5089642 0.5004189 0.34228697 0.10115738 0.5403218 0.71947736 0.739617 0.69212073 0.35536245 0.46471927 0.002434416 -0.112132624 0.27726188 0.09203701 0.20640758 0.08642486 -0.57063884 -0.5821746 -0.5565505 -0.52050084 -0.52424496 -0.51902676 -0.5043175 -0.47483858 -0.23736258 -0.404346 -0.4087045 -0.42286062 -0.35645762 
-0.39775735 -0.39982072 -0.39798504 -0.40559003 -0.4201394 -0.43215534 -0.39101586 -0.48144513 -0.50336593 -0.49792367 0.72634834 0.89593226 0.9092922 0.90877044 0.90722156 0.9147443 0.92762554 0.5566544 0.50364643 0.9737736 1.0 0.6445567 -0.50817025 -0.52693385 0.22216608 0.8743858 0.8692499 0.85238916 0.07348448 -0.5307071 -0.45938027 -0.60862803 -0.67292756 0.5791485 0.6552773 0.6712888 0.4584253 -0.14204888 0.51628333 0.20185903 0.7706001 0.56672966 -0.03516166 -0.4328578 -0.57891285 0.4576686 0.29343197 0.10817513 0.5761998 -0.39134252 0.4030932 0.7042083 0.71020126 0.6856435 0.13270858 -0.2811312 -0.65461457 -0.72464997 -0.231277 -0.6820472 -0.69784844 -0.68725765 -0.20861605 0.52122843 0.5548434 0.5515555 0.5659115 0.6898308 0.65779823 0.71221054 0.65703166 NaN NaN NaN NaN NaN NaN NaN NaN NaN NaN NaN NaN NaN NaN NaN NaN NaN NaN NaN NaN NaN 0.5076928 -0.19615713 -0.23299222 -0.12995124 -0.35611466 -0.048683506 0.2090456 0.04196775 -0.27376828 0.104667336 0.1757354 0.021050356 0.3717892 0.49240547 -0.14296699 -0.19013298 0.09515528 0.28010246 0.24833907 0.09719002 -0.005482593 -0.6623293 -0.69067985 -0.64168763 -0.2770682 -0.035990212 0.32143635 0.15651503 0.45795292 0.54750365 0.5754209 0.60324913 0.6215217 0.6165101 0.4685076 0.14162621 -0.04337282 -0.086959764 -0.26113153 -0.01895257 -0.37995547 -0.6644904 -0.65991414 -0.62779623 -0.62301445 -0.28152367 -0.6490663 -0.6643427 -0.5433667 -0.58483094 0.28603652 -0.1113203 0.1626536 -0.16715294 -0.016315537 0.33427832 -0.0077190916 -0.47501558 -0.53010386 0.08410648 0.45877886 0.45410222 0.3254733 0.1227264 0.5363563 0.7203809 0.7492935 0.68382823 0.36943114 0.47582358 0.04900597 -0.07232098 0.28697345 0.123909384 0.2221865 0.124169305 -0.5666704 -0.59842885 -0.5852212 -0.54819876 -0.5545527 -0.54908997 -0.53509325 -0.5042504 -0.25566214 -0.4302162 -0.43281543 -0.44215164 -0.3732883 
