1.0 0.61271244 0.78932524 0.57426697 0.52786136 0.7605763 0.45869327 0.3760788 0.42183423 0.4792491 0.3892624 0.51833504 -0.08167694 -0.111800134 -0.2076665 -0.17547967 0.19191235 0.12595671 0.20508455 -0.21946108 -0.109355114 0.16992876 -0.0798445 -0.19110419 -0.28493395 -0.28625208 -0.20844795 -0.1938742 -0.19066839 -0.25136954 -0.30168518 -0.31530142 -0.3156191 -0.2740595 -0.34168884 0.1385017 -0.26430804 -0.35389343 -0.39523348 -0.093169525 -0.3638054 -0.39991057 -0.29275426 -0.36353528 -0.39173034 -0.39798778 -0.3188984 -0.3869751 -0.38778418 -0.3238983 0.04830231 -0.22552618 -0.29198706 NaN NaN NaN NaN NaN -0.12429896 -0.010599169 0.4642079 0.30445215 0.33522588 0.24984825 0.209956 0.11463894 0.04874262 0.07068382 0.0749566 0.12699138 0.109014384 0.090842366 0.082028046 0.091507584 0.19094205 0.088630766 -0.09232365 -0.07640989 0.0063788863 0.34072766 0.16727899 -0.06726183 -0.08315824 -0.06283609 0.22014129 0.15404014 0.12009563 0.06854047 -0.03855463 0.11437135 0.045934413 0.06886922 0.027279085 -0.19846277 -0.05747838 0.0076083527 -0.08566574 -0.09415116 -0.07117017 -0.04925018 -0.032495152 -0.061862335 -0.28790063 -0.2645678 0.0035477958 -0.089552924 -0.19077413 -0.22808458 -0.2254087 -0.12076097 -0.022541225 -0.08269905 -0.071257815 -0.041023504 0.092662595 -0.11175028 -0.18964332 -0.17781529 -0.29960987 -0.13375105 -0.093288034 -0.032774914 -0.13570224 -0.18918772 -0.18910575 -0.2892027 NaN 
0.61271244 1.0 0.8595971 0.92471063 0.9098347 0.27708668 -0.12656653 -0.21411322 -0.14969827 -0.10281168 0.5691304 0.27759346 0.28785735 0.26697984 0.17613603 0.16744828 -0.09308539 -0.17031175 -0.21342464 0.13291499 0.07195028 -0.23516728 -0.1861113 0.07191415 0.06307917 0.061526757 0.16164157 0.1399179 0.12852041 0.12695602 0.09731865 0.09439686 0.0895575 0.060790706 0.09187134 -0.42337072 0.076008804 0.10941392 0.17067477 -0.18432687 0.016942345 0.08589394 -0.09117571 0.022863405 0.0050237286 0.0750444 -0.07849218 0.06126353 0.1217945 0.13214001 -0.2006312 0.05998327 -0.0521152 NaN NaN NaN NaN NaN -0.13324809 0.2984 0.07763579 -0.20159046 -0.17598142 0.26370126 -0.3547443 -0.4082139 -0.43752772 -0.41023877 -0.41075215 -0.34764466 -0.39724565 -0.42991707 -0.38470283 -0.44617075 -0.02942778 0.4415817 0.37965587 0.43653592 0.53052324 0.013877413 0.3716206 0.27328447 0.19951406 0.3225162 0.061750438 -0.18239504 -0.21746929 0.027741091 0.17605634 0.021645986 -0.096548475 -0.47365868 -0.17097026 0.35999432 0.32233945 -0.45808643 -0.53198403 -0.57921594 -0.5773589 -0.54619205 -0.5417652 -0.18336624 0.23607387 0.31069994 -0.27151236 0.13257706 0.21578106 0.083530314 0.07282379 0.14288259 0.23906887 0.32792118 0.28526026 0.052544568 -0.16549233 0.27785972 0.26796135 0.2179125 0.17696902 0.25434294 0.19395493 -0.45597047 -0.52960384 -0.52836865 -0.6090947 -0.6295932 NaN 
0.78932524 0.8595971 1.0 0.8809508 0.84943956 0.56054133 0.120280094 0.01873717 0.121607125 0.22539316 0.64106596 0.6132116 0.20845178 0.16579552 0.011050094 0.07105932 0.2404897 0.15879266 0.18364823 0.0014681905 0.10573224 0.1423088 0.005439802 0.035207808 -0.11520282 -0.10043078 0.07440199 0.059237722 0.054475665 -0.022994623 -0.10964062 -0.077339344 -0.08201394 -0.022984048 -0.08966101 -0.072303355 -0.021844953 -0.09189246 -0.13963762 0.005881436 -0.11266254 -0.14252044 -0.1078525 -0.21699342 -0.23166485 -0.14404334 -0.11800041 -0.1334003 -0.13046865 -0.03274154 0.040993705 -0.017326735 -0.25842512 NaN NaN NaN NaN NaN -0.24271974 0.07649012 0.2962977 -0.01352493 0.01815063 0.14856079 -0.1690304 -0.26552543 -0.31880495 -0.29999858 -0.29644603 -0.26079202 -0.2746514 -0.2750087 -0.2526003 -0.24850821 0.06887205 0.2735862 0.08366503 0.15358175 0.24840933 0.2593131 0.251877 -0.003135892 -0.044766217 0.049729288 0.18801959 0.007137257 -0.04469486 0.05760328 0.042095266 0.036034737 -0.037514683 -0.17165467 -0.038097844 -0.0027115508 0.082872674 -0.25795183 -0.3792007 -0.40771142 -0.38255578 -0.2918088 -0.21828517 0.034155067 0.007957114 0.036546897 0.02359495 0.13446462 -5.910525E-4 -0.12780862 -0.13203236 -0.009248789 0.1561097 0.12876269 0.15257539 0.074505456 0.06744733 0.12714167 0.022784028 0.065446615 -0.08964551 0.08920742 0.08271558 -0.23088196 -0.39284778 -0.44374567 -0.5077657 -0.55219597 NaN 
0.57426697 0.92471063 0.8809508 1.0 0.9613793 0.28059268 -0.14295602 -0.21667771 -0.12801649 -0.055486877 0.7302694 0.46173912 0.47302046 0.4464263 0.32530516 0.35306075 0.15018508 0.0681956 -0.0037351165 0.3022076 0.28491887 -0.033682454 0.031164028 0.25917852 0.17041509 0.17847064 0.32246593 0.29508254 0.3029421 0.27773473 0.221178 0.2433097 0.23213442 0.23399875 0.23836416 -0.36714712 0.19957426 0.18303838 0.20981117 -0.06230897 0.13659301 0.16740909 0.013121834 0.033478566 0.03432055 0.14486359 -0.0026793757 0.118578844 0.15052903 0.17305115 -0.15283056 0.131251 0.014304067 NaN NaN NaN NaN NaN -0.1369035 0.13150059 -0.028473986 -0.2878516 -0.2538139 0.07530489 -0.37944365 -0.42866895 -0.4338485 -0.40403008 -0.40779522 -0.38243914 -0.427791 -0.46429694 -0.42877066 -0.46379364 -0.1798843 0.27912378 0.2530422 0.33704057 0.39252353 -0.034042172 0.20426434 0.13289112 0.08036686 0.1734166 -0.05896811 -0.28601518 -0.31484014 -0.075801134 0.046367522 -0.13754706 -0.23382202 -0.47479206 -0.2361614 0.17254435 0.14197756 -0.5065745 -0.550464 -0.5663816 -0.5630112 -0.5421642 -0.50727254 -0.13625416 0.2544371 0.29672828 -0.2037297 0.14068615 0.15532386 0.01919788 -3.004732E-5 0.03994968 0.140502 0.19344938 0.19838919 -0.018843118 -0.18220192 0.22043954 0.165655 0.15460977 0.11950624 0.1609351 0.07407107 -0.48184273 -0.5291944 -0.545056 -0.61164945 -0.6448129 NaN 
0.52786136 0.9098347 0.84943956 0.9613793 1.0 0.25275692 -0.16830409 -0.24242799 -0.1610663 -0.09329273 0.75749755 0.45385903 0.5083487 0.4887748 0.37097424 0.3835687 0.11442645 0.021242231 -0.053860538 0.32014388 0.29493275 -0.070263684 0.0018860665 0.26484963 0.18535553 0.20260628 0.3279044 0.31536093 0.33250937 0.31370512 0.26410913 0.2804243 0.24988894 0.25810143 0.2658581 -0.42294747 0.21047008 0.20520735 0.24619888 -0.0819179 0.15512136 0.20157884 0.028807081 0.075672194 0.07066268 0.1692225 0.025746623 0.1536309 0.18527773 0.18728247 -0.17593005 0.16914181 0.040690433 NaN NaN NaN NaN NaN -0.12770423 0.16654056 -0.06618854 -0.3343638 -0.30076185 0.04692189 -0.42435944 -0.46277568 -0.4703241 -0.43588337 -0.4423091 -0.41473195 -0.46085703 -0.49911875 -0.46494198 -0.500214 -0.20753312 0.2933971 0.29229298 0.36656794 0.41303682 -0.08630037 0.20514375 0.163796 0.114126146 0.20773812 -0.10697044 -0.3330214 -0.36624068 -0.098451406 0.047401525 -0.17912877 -0.28362158 -0.5264192 -0.2763228 0.20040464 0.14837232 -0.5292098 -0.5864459 -0.6029302 -0.60112 -0.58910894 -0.54832923 -0.1250028 0.3101259 0.34101176 -0.20703533 0.18569937 0.20711298 0.06583959 0.0499464 0.08937774 0.18078701 0.2326419 0.22557312 -0.008966495 -0.18303081 0.24336444 0.19668572 0.19671994 0.15928003 0.18181747 0.097168535 -0.48359257 -0.53239924 -0.5367268 -0.61753076 -0.62723094 NaN 
0.7605763 0.27708668 0.56054133 0.28059268 0.25275692 1.0 0.8576951 0.779518 0.8205499 0.85737056 0.3068606 0.577793 -0.29502875 -0.3372733 -0.4215717 -0.38191184 0.25400347 0.23402399 0.3669354 -0.42200142 -0.24985822 0.3067445 -0.060110174 -0.38602766 -0.5152419 -0.5013557 -0.46152464 -0.443019 -0.38558626 -0.47593644 -0.5320548 -0.5576428 -0.5843099 -0.5095892 -0.6163733 0.3696607 -0.5142562 -0.6755772 -0.70995545 -0.17161587 -0.62134516 -0.7059875 -0.52902335 -0.6356405 -0.6589004 -0.65443933 -0.48161054 -0.61439943 -0.6255319 -0.5151258 0.09329693 -0.5180814 -0.4127742 NaN NaN NaN NaN NaN -0.10211907 -0.32040435 0.5827271 0.6816405 0.7000756 0.3224141 0.6080763 0.517929 0.4238622 0.41711587 0.41393068 0.47331357 0.48690167 0.5123721 0.514393 0.5355898 0.36321145 -0.21937554 -0.46383446 -0.44782868 -0.3414692 0.3450807 -0.13082498 -0.36757845 -0.3647542 -0.39768666 0.20559381 0.3512398 0.33974314 -0.030276695 -0.26595172 0.21379316 0.18312278 0.42695433 0.22257242 -0.43212727 -0.16548207 0.38804847 0.34622154 0.31703347 0.3383969 0.3358807 0.31762475 -0.10410824 -0.6560075 -0.6120091 0.08925284 -0.3455322 -0.504018 -0.43209916 -0.4166826 -0.35244805 -0.22255631 -0.30341518 -0.18269382 -0.035901736 0.21542662 -0.34284294 -0.4569892 -0.38783893 -0.5840344 -0.36235318 -0.17857249 0.3299574 0.32616374 0.24156289 0.20698182 0.050754227 NaN 
0.45869327 -0.12656653 0.120280094 -0.14295602 -0.16830409 0.8576951 1.0 0.9732254 0.94425297 0.8986972 -0.056392983 0.269824 -0.50700754 -0.5300829 -0.5108008 -0.5033467 0.12144696 0.15116946 0.29788968 -0.49752492 -0.3873399 0.23373301 -0.117212236 -0.50444704 -0.5306115 -0.5330477 -0.60772437 -0.5897602 -0.5206232 -0.5627392 -0.5663284 -0.6341095 -0.67413956 -0.64415824 -0.71012425 0.4148517 -0.665305 -0.7950981 -0.7579764 -0.30680603 -0.7212656 -0.78159386 -0.6517713 -0.6453257 -0.6658503 -0.7445929 -0.61236155 -0.7220872 -0.7070655 -0.6640819 -0.043902256 -0.7003177 -0.31741548 NaN NaN NaN NaN NaN 0.06249839 -0.40391797 0.49868912 0.8396972 0.8434645 0.3303927 0.85671866 0.8215899 0.7548853 0.73820573 0.7327956 0.77081174 0.7892701 0.8165236 0.8044189 0.81424934 0.34624436 -0.45010033 -0.59288853 -0.6258565 -0.54678386 0.21454921 -0.31912947 -0.42161116 -0.39193645 -0.47822908 0.11129142 0.40052986 0.43002665 -0.06730522 -0.33185774 0.24389341 0.25823924 0.61076814 0.29536748 -0.47839996 -0.23898026 0.6070701 0.66365 0.65343255 0.65703595 0.5603694 0.4659465 -0.20914604 -0.802132 -0.74007994 4.13391E-4 -0.53263646 -0.58293545 -0.4161677 -0.3937725 -0.4067676 -0.36419895 -0.4173978 -0.31621403 -0.11383506 0.15859383 -0.4758032 -0.5347819 -0.52469665 -0.61697966 -0.48798442 -0.2807439 0.5015212 0.64985496 0.58069575 0.5668462 0.3540327 NaN 
0.3760788 -0.21411322 0.01873717 -0.21667771 -0.24242799 0.779518 0.9732254 1.0 0.951107 0.88537854 -0.11580939 0.20880295 -0.4962191 -0.5111092 -0.47108582 -0.47039354 0.12814423 0.15938726 0.30448762 -0.4610952 -0.35585746 0.2507624 -0.07817595 -0.4738995 -0.47853678 -0.48197812 -0.58974814 -0.57520115 -0.49562174 -0.52052224 -0.5088433 -0.5885519 -0.63947517 -0.6329303 -0.679958 0.4041215 -0.679193 -0.7862297 -0.7212261 -0.33007523 -0.7137088 -0.7626229 -0.66332644 -0.6043466 -0.626275 -0.7271314 -0.6348843 -0.7228606 -0.6958617 -0.67942405 -0.08865063 -0.7039485 -0.22570279 NaN NaN NaN NaN NaN 0.15738755 -0.41276598 0.42742178 0.81344974 0.82147133 0.27594972 0.88365954 0.87380785 0.8363715 0.8275458 0.82265407 0.8287772 0.8469576 0.8526873 0.8242335 0.84726197 0.27976233 -0.49584654 -0.58620125 -0.6352233 -0.5760871 0.15489195 -0.37187526 -0.41008967 -0.37297264 -0.47518876 0.04119518 0.34248564 0.38210237 -0.12594599 -0.3808614 0.18335961 0.21641411 0.62096 0.27852628 -0.48212513 -0.27436033 0.59206617 0.6868571 0.72358054 0.7216211 0.5631443 0.44838992 -0.26943663 -0.8112614 -0.7516912 -0.04096452 -0.581554 -0.5840601 -0.39100647 -0.37222737 -0.4218534 -0.42809913 -0.46688184 -0.3809248 -0.17640203 0.10560059 -0.5195711 -0.5555415 -0.56369185 -0.6135532 -0.54147863 -0.35619387 0.4761688 0.6786089 0.6094832 0.6255516 0.3876588 NaN 
0.42183423 -0.14969827 0.121607125 -0.12801649 -0.1610663 0.8205499 0.94425297 0.951107 1.0 0.95363456 0.021898052 0.32894677 -0.42697093 -0.44984204 -0.44421923 -0.42417732 0.26905122 0.2926481 0.42602903 -0.43471414 -0.29010296 0.37236586 0.02147257 -0.41806027 -0.47295874 -0.47441337 -0.54723454 -0.5411333 -0.45469868 -0.5037706 -0.50919956 -0.56836283 -0.61462617 -0.58867466 -0.66607624 0.46544728 -0.6453271 -0.7804095 -0.73590595 -0.25240698 -0.6931409 -0.7619516 -0.6398829 -0.63154286 -0.64740413 -0.72983456 -0.6089585 -0.72392946 -0.7063295 -0.6654625 -0.015795032 -0.6628725 -0.25910968 NaN NaN NaN NaN NaN 0.11544229 -0.43917426 0.45424497 0.7899827 0.7834609 0.2231558 0.8326349 0.80434996 0.74471223 0.7382674 0.7340669 0.7427338 0.765624 0.79046506 0.7798396 0.82242924 0.28054994 -0.5014716 -0.6095505 -0.6433984 -0.5785559 0.20133147 -0.36518532 -0.43933564 -0.403293 -0.5067298 0.063432045 0.3657347 0.38868248 -0.14921486 -0.42552742 0.14060666 0.18594798 0.61887777 0.26179183 -0.54187506 -0.3189276 0.54857004 0.63865703 0.6678572 0.6811386 0.5883039 0.5136255 -0.16738373 -0.8089195 -0.76003695 0.024818344 -0.54722863 -0.60690707 -0.4236413 -0.4015792 -0.43764183 -0.42039233 -0.47386977 -0.381517 -0.17154045 0.14493555 -0.53808635 -0.5839831 -0.5534188 -0.6480789 -0.52888507 -0.33536822 0.47642177 0.6350989 0.53874743 0.53737694 0.31559286 NaN 
0.4792491 -0.10281168 0.22539316 -0.055486877 -0.09329273 0.85737056 0.8986972 0.88537854 0.95363456 1.0 0.13102135 0.47754562 -0.37932962 -0.4082629 -0.45745522 -0.40982583 0.37327945 0.38829237 0.53261244 -0.44384044 -0.24233769 0.47458872 0.0866945 -0.3797395 -0.5087316 -0.5004781 -0.5044735 -0.49410322 -0.41210073 -0.49883062 -0.5382979 -0.57305205 -0.61183566 -0.5392633 -0.6508455 0.5606459 -0.57111245 -0.75253123 -0.7755613 -0.113028556 -0.65255654 -0.7603615 -0.5585055 -0.66446847 -0.6792078 -0.7082029 -0.51315516 -0.6882893 -0.7008384 -0.5943011 0.14530332 -0.5789284 -0.35622767 NaN NaN NaN NaN NaN -0.0026351116 -0.47855476 0.5242271 0.7695804 0.76180774 0.18688878 0.7679409 0.7136251 0.62755525 0.61661744 0.6134581 0.6341567 0.66901106 0.7128487 0.71467733 0.76630855 0.3362434 -0.45350093 -0.6399813 -0.6446718 -0.5767395 0.3036042 -0.3198947 -0.49222052 -0.46199638 -0.5549771 0.13151915 0.41583747 0.42134863 -0.10146364 -0.4048906 0.15548597 0.19054408 0.6255981 0.25101355 -0.6033566 -0.33967093 0.54195976 0.58676904 0.59863794 0.6250292 0.61577743 0.5659741 -0.03220192 -0.8008824 -0.77092403 0.16202392 -0.45823047 -0.62801874 -0.4751411 -0.45551637 -0.45019618 -0.37908208 -0.46477574 -0.34257635 -0.116678 0.232216 -0.5093523 -0.60643077 -0.5267867 -0.678551 -0.49035498 -0.292188 0.499732 0.5654982 0.46004736 0.45317435 0.27715895 NaN 
0.3892624 0.5691304 0.64106596 0.7302694 0.75749755 0.3068606 -0.056392983 -0.11580939 0.021898052 0.13102135 1.0 0.74417603 0.6855651 0.6570122 0.4731414 0.51236075 0.45916298 0.3692468 0.29847527 0.41813812 0.5099584 0.27943316 0.29751083 0.41668126 0.18070507 0.22351946 0.37011528 0.38187006 0.41382176 0.34300447 0.2694644 0.3300546 0.2997791 0.38249472 0.34028414 -0.1365059 0.32569408 0.20145181 0.16432779 0.13983813 0.21321166 0.1954927 0.12600099 0.039550845 0.054922238 0.17796469 0.11459046 0.15603293 0.13121618 0.19051187 0.05415096 0.23658502 0.029107634 NaN NaN NaN NaN NaN -0.1883564 -0.15757279 -0.11825841 -0.25399277 -0.26122382 -0.2256939 -0.2944045 -0.32836547 -0.32947686 -0.31543255 -0.32161418 -0.33856896 -0.35936594 -0.35692486 -0.34562415 -0.31823295 -0.24978346 -0.04591889 -0.017106008 0.09182674 0.09434308 -0.082585886 -0.041588932 -0.093549065 -0.11730515 -0.104127444 -0.20602946 -0.28504652 -0.32555115 -0.21165106 -0.17294021 -0.3207028 -0.36152548 -0.3554226 -0.3389079 -0.17963141 -0.19768605 -0.3810803 -0.39695442 -0.38499698 -0.37606126 -0.32253906 -0.24280709 -0.034074027 0.15200005 0.11910704 -0.04226023 0.057078 -0.045092735 -0.104155056 -0.11208397 -0.12478233 -0.0709248 -0.1005403 -0.020389235 -0.1644904 -0.14158945 7.9233974E-4 -0.08285048 0.001311014 -0.070724145 -0.04146069 -0.09011541 -0.28365338 -0.35249114 -0.3861472 -0.41491526 -0.38226163 NaN 
0.51833504 0.27759346 0.6132116 0.46173912 0.45385903 0.577793 0.269824 0.20880295 0.32894677 0.47754562 0.74417603 1.0 0.34722933 0.30158332 0.060716376 0.16743045 0.6675642 0.58770263 0.6266349 0.049347866 0.32296842 0.6028434 0.39173383 0.18795894 -0.15335436 -0.10943711 0.09140404 0.10574102 0.12499936 -0.016431889 -0.13319933 -0.047974285 -0.06101339 0.1072309 -0.03974473 0.3413764 0.0844676 -0.11049487 -0.2963578 0.33326432 -0.04583678 -0.18219559 0.056958526 -0.309454 -0.29247162 -0.14699382 0.043061044 -0.13775128 -0.21852644 -0.05239508 0.3643746 0.0694837 -0.25398597 NaN NaN NaN NaN NaN -0.2315556 -0.33906868 0.23871714 0.070348784 0.08076898 -0.20967308 0.02530446 -0.057337385 -0.070016414 -0.06659253 -0.06998477 -0.12964804 -0.103579834 -0.076918885 -0.096495815 0.0071468125 -0.023125118 -0.15848456 -0.31753507 -0.2090993 -0.18987325 0.2973078 -0.08752767 -0.34797338 -0.34172374 -0.35556778 0.04970426 0.05603639 -0.005001241 -0.070814304 -0.22713444 -0.15637183 -0.14432447 0.10939079 -0.035628416 -0.49218258 -0.31592986 -0.041137528 -0.1423078 -0.091475375 -0.053339634 0.038032178 0.19262634 0.22928852 -0.18772799 -0.26216254 0.35764334 0.048505273 -0.30324328 -0.35195252 -0.3524636 -0.2701142 -0.11699697 -0.2568468 -0.11435378 -0.04166303 0.20563567 -0.15717743 -0.34069124 -0.17172444 -0.38699505 -0.19086069 -0.1505316 0.054864276 -0.11592072 -0.19886084 -0.18420573 -0.17350753 NaN 
-0.08167694 0.28785735 0.20845178 0.47302046 0.5083487 -0.29502875 -0.50700754 -0.4962191 -0.42697093 -0.37932962 0.6855651 0.34722933 1.0 0.9533205 0.8470338 0.8612926 0.37314162 0.34683853 0.114729084 0.832407 0.77987677 0.15640144 0.51250744 0.8055576 0.68946075 0.718343 0.7432946 0.7250576 0.70057994 0.7315051 0.7217667 0.7968853 0.7547977 0.733695 0.77356523 -0.42059106 0.59381896 0.61332464 0.66913086 0.15805073 0.6506185 0.69777054 0.48816013 0.5517203 0.5883921 0.61598915 0.34134522 0.50247353 0.5267865 0.41184565 -0.14616866 0.5595818 0.5091321 NaN NaN NaN NaN NaN 0.10134738 0.04876284 -0.56566346 -0.68565977 -0.69262636 -0.5003906 -0.5937835 -0.55084133 -0.4451817 -0.41250148 -0.4137737 -0.50184906 -0.55562544 -0.61927855 -0.6275345 -0.6218399 -0.6337826 -0.057118446 0.27258748 0.3335057 0.18286267 -0.44113973 -0.067220435 0.15796773 0.15625596 0.14285664 -0.4567883 -0.6289319 -0.66771567 -0.37017262 -0.1909113 -0.6318249 -0.62403685 -0.6281174 -0.5402854 -0.042631008 -0.24526072 -0.6745941 -0.60766715 -0.5531427 -0.5639173 -0.5899711 -0.5047227 -0.051450554 0.5431455 0.4479904 -0.21203682 0.18568806 0.30895412 0.23121032 0.19666056 0.063043654 -0.09589498 -0.061973978 -0.11871557 -0.36278102 -0.46022633 0.024351783 0.08211986 0.08936721 0.24204433 -0.018440818 -0.23485982 -0.6275827 -0.5707257 -0.5722873 -0.5168836 -0.47255534 NaN 
-0.111800134 0.26697984 0.16579552 0.4464263 0.4887748 -0.3372733 -0.5300829 -0.5111092 -0.44984204 -0.4082629 0.6570122 0.30158332 0.9533205 1.0 0.93151224 0.922715 0.39101633 0.3211728 0.08599232 0.8209966 0.7909491 0.14041871 0.48066732 0.78418666 0.677337 0.69892395 0.6931398 0.6850865 0.67608213 0.7146445 0.7319224 0.79260725 0.75648814 0.73414534 0.77734435 -0.44162032 0.59024346 0.62394077 0.70222116 0.14409223 0.65754217 0.7224463 0.5069581 0.5944596 0.6219617 0.62925494 0.34870386 0.5159857 0.5456653 0.4140506 -0.15760078 0.58193696 0.5555867 NaN NaN NaN NaN NaN 0.14463305 0.09561217 -0.5748065 -0.6962126 -0.7066155 -0.4984642 -0.5999582 -0.54841787 -0.440645 -0.40441138 -0.40777496 -0.49706653 -0.55320644 -0.61959344 -0.62880445 -0.6246101 -0.635331 -0.034981534 0.31936264 0.35413754 0.20308128 -0.45590273 -0.046087302 0.20489489 0.202648 0.17584975 -0.48232636 -0.65129095 -0.69156915 -0.3821512 -0.19542532 -0.6489119 -0.62480366 -0.652909 -0.5588316 -0.020709984 -0.26080057 -0.6977195 -0.6209163 -0.55662507 -0.5713415 -0.6096086 -0.5459716 -0.09836706 0.5390139 0.4594054 -0.25167647 0.1738344 0.3149697 0.25928622 0.22583616 0.08887432 -0.10498433 -0.063346766 -0.13447869 -0.37987548 -0.49274433 0.031901736 0.115312755 0.10233472 0.26772863 -0.020851187 -0.25750682 -0.6524291 -0.57495666 -0.57111853 -0.511393 -0.47497275 NaN 
-0.2076665 0.17613603 0.011050094 0.32530516 0.37097424 -0.4215717 -0.5108008 -0.47108582 -0.44421923 -0.45745522 0.4731414 0.060716376 0.8470338 0.93151224 1.0 0.9511676 0.2981019 0.22033924 -0.033354208 0.8241392 0.7347481 0.031623296 0.40454897 0.73621655 0.7374061 0.74436903 0.6299073 0.634507 0.63188094 0.714581 0.7947647 0.8261288 0.8002368 0.70881015 0.78484607 -0.5303511 0.52606726 0.60922986 0.7716479 -0.0108709335 0.61308306 0.73804456 0.42160726 0.6768747 0.69542575 0.5860079 0.23283844 0.46011856 0.52286685 0.3139922 -0.32247418 0.51445806 0.70472515 NaN NaN NaN NaN NaN 0.29561573 0.16051495 -0.6541154 -0.672617 -0.69218785 -0.49564162 -0.5405135 -0.45956922 -0.33733884 -0.29789335 -0.3011078 -0.39213496 -0.4619134 -0.53667694 -0.54405874 -0.5678767 -0.69385254 -0.11176114 0.34478968 0.3214637 0.16190864 -0.5826558 -0.088530034 0.29913527 0.311201 0.25415087 -0.5324792 -0.68462455 -0.707068 -0.4398664 -0.22737876 -0.66702163 -0.6347579 -0.6542378 -0.58910084 0.03244286 -0.25933927 -0.67038095 -0.5385841 -0.476641 -0.50059855 -0.5992732 -0.59086835 -0.2434525 0.5100426 0.4530254 -0.4066963 0.06672934 0.36305743 0.3690246 0.3304269 0.13304612 -0.1662341 -0.08323621 -0.2011223 -0.4539814 -0.59353083 -0.0022135603 0.14372383 0.07465582 0.33673653 -0.050083056 -0.31230974 -0.664542 -0.49686998 -0.4901311 -0.42116278 -0.4309316 NaN 
-0.17547967 0.16744828 0.07105932 0.35306075 0.3835687 -0.38191184 -0.5033467 -0.47039354 -0.42417732 -0.40982583 0.51236075 0.16743045 0.8612926 0.922715 0.9511676 1.0 0.46217227 0.38832602 0.14989652 0.8534572 0.8160651 0.17998241 0.52952105 0.80839604 0.7247923 0.7415127 0.7164557 0.7017475 0.6721202 0.7237672 0.75233996 0.8255647 0.8022574 0.773062 0.8169232 -0.3923689 0.61182636 0.64897627 0.71270484 0.15734623 0.69342697 0.7434931 0.52554536 0.58825797 0.6215668 0.62149274 0.33729088 0.51008683 0.5454065 0.3788018 -0.17303276 0.5597088 0.5864467 NaN NaN NaN NaN NaN 0.17277075 0.029293051 -0.61968255 -0.6595321 -0.67717177 -0.53137535 -0.5319151 -0.46668136 -0.3548528 -0.31960303 -0.32103014 -0.41593665 -0.4710118 -0.53481525 -0.5444694 -0.5509718 -0.65654933 -0.13570642 0.24631746 0.28132045 0.118052214 -0.5126821 -0.13893501 0.15961204 0.17266622 0.12663278 -0.5107038 -0.64484185 -0.6714703 -0.4104829 -0.24197416 -0.6673686 -0.63560903 -0.6000471 -0.5702104 -0.06462327 -0.2969759 -0.6390464 -0.52598155 -0.4637842 -0.47698757 -0.5389436 -0.4975811 -0.13764717 0.4794656 0.4031368 -0.29196924 0.1104377 0.27071622 0.23273736 0.19615956 0.023892011 -0.19827504 -0.14420465 -0.21332514 -0.4409257 -0.52802134 -0.033740606 0.042508896 0.037089553 0.22655487 -0.095655955 -0.32914957 -0.6259428 -0.49690753 -0.49643275 -0.4229197 -0.41380006 NaN 
0.19191235 -0.09308539 0.2404897 0.15018508 0.11442645 0.25400347 0.12144696 0.12814423 0.26905122 0.37327945 0.45916298 0.6675642 0.37314162 0.39101633 0.2981019 0.46217227 1.0 0.91247386 0.87364787 0.33867207 0.6228956 0.8494929 0.69482416 0.42722094 0.12306013 0.15076466 0.275718 0.2732273 0.28046983 0.18976483 0.11090266 0.22026148 0.2017007 0.3261713 0.19091098 0.4323476 0.22603266 0.04740245 -0.10630931 0.4486015 0.19697548 0.03721168 0.2651563 -0.11572784 -0.080081806 -0.0124550685 0.09781681 -0.060311764 -0.12169451 -0.058043536 0.3388921 0.20123306 0.043745838 NaN NaN NaN NaN NaN 0.010092235 -0.4124483 -0.016676709 -0.0337163 -0.058385763 -0.5019488 0.06900782 0.061133042 0.07833267 0.08822644 0.08775888 -0.024981799 -0.0025176585 0.016170321 -0.014567993 0.08498881 -0.18720041 -0.39444074 -0.35039458 -0.27974787 -0.3660985 0.096122295 -0.28049874 -0.36969417 -0.32660586 -0.43284962 -0.14805861 -0.056541096 -0.11175654 -0.23480685 -0.42916435 -0.41692588 -0.28106546 0.16660921 -0.14124124 -0.6829131 -0.5799515 -0.04617926 -0.019363215 0.06497864 0.09861392 0.17131802 0.28116977 0.22619459 -0.23098132 -0.31181732 0.22626837 -0.070527546 -0.33537817 -0.31072143 -0.3168176 -0.3643773 -0.42132118 -0.5381314 -0.46576265 -0.3613616 -0.034593195 -0.42231154 -0.5174408 -0.3678785 -0.4448469 -0.44715065 -0.46834025 -0.025036192 -0.029580632 -0.13125665 -0.026344554 -0.08658193 NaN 
0.12595671 -0.17031175 0.15879266 0.0681956 0.021242231 0.23402399 0.15116946 0.15938726 0.2926481 0.38829237 0.3692468 0.58770263 0.34683853 0.3211728 0.22033924 0.38832602 0.91247386 1.0 0.8671338 0.3543576 0.5938426 0.8401191 0.71539396 0.44934788 0.171146 0.1962284 0.3280691 0.31831303 0.29678515 0.21106839 0.11463207 0.218808 0.1844883 0.3056243 0.17446916 0.48729664 0.20858015 0.042497404 -0.12959121 0.4617452 0.19207913 0.020589657 0.26069513 -0.12589845 -0.08196142 -0.0070589725 0.118627846 -0.04823601 -0.11210487 -0.038504295 0.36451986 0.17838165 0.025671683 NaN NaN NaN NaN NaN -0.015738321 -0.46001154 -0.0046688374 0.023388686 0.001991065 -0.46970034 0.12128333 0.12008714 0.12179587 0.13382952 0.13182312 0.031233542 0.058533773 0.08148345 0.05549972 0.1479666 -0.16835456 -0.45188993 -0.41487002 -0.34267643 -0.43703774 0.058701266 -0.35813397 -0.41691348 -0.37176663 -0.48165575 -0.16337802 -0.042682774 -0.086685814 -0.27314115 -0.47985712 -0.40352112 -0.30181274 0.19618466 -0.1360195 -0.7165003 -0.5995779 0.01227748 0.06159961 0.1362761 0.17146736 0.2421328 0.34334564 0.24549024 -0.24712534 -0.34938315 0.22859398 -0.11833768 -0.35824844 -0.31738222 -0.32966405 -0.4053596 -0.4531228 -0.5624362 -0.4890998 -0.35864478 -0.046644334 -0.46492004 -0.55497336 -0.41952303 -0.4708889 -0.48054308 -0.4677972 0.016473146 0.025661128 -0.07171327 0.028918402 -0.040611394 NaN 
0.20508455 -0.21342464 0.18364823 -0.0037351165 -0.053860538 0.3669354 0.29788968 0.30448762 0.42602903 0.53261244 0.29847527 0.6266349 0.114729084 0.08599232 -0.033354208 0.14989652 0.87364787 0.8671338 1.0 0.13490297 0.42297733 0.8857101 0.57648075 0.22897257 -0.089382544 -0.055088174 0.12848769 0.12880395 0.10528874 -0.011688982 -0.13103399 -0.026981851 -0.0490547 0.110476546 -0.03554157 0.67869014 0.09500227 -0.111059316 -0.36225963 0.48741135 0.0017719332 -0.20096183 0.112829246 -0.36212364 -0.32199228 -0.2050161 0.05013951 -0.1879459 -0.28689435 -0.13460778 0.47987226 0.02492308 -0.22073929 NaN NaN NaN NaN NaN -0.17841633 -0.5683843 0.17729436 0.22376287 0.1977149 -0.3671661 0.2779162 0.24169566 0.22030708 0.21086492 0.21351619 0.12784863 0.1924136 0.24936295 0.21414635 0.33086538 0.065429196 -0.42917177 -0.5558768 -0.47664738 -0.5042254 0.2615594 -0.3447593 -0.542247 -0.4946496 -0.5966191 -0.0015147488 0.17067531 0.13886721 -0.12998724 -0.39905503 -0.20275392 -0.089064956 0.40929085 0.04915198 -0.76442426 -0.5489724 0.2262694 0.21773607 0.2944363 0.3321915 0.43096358 0.5245844 0.31843323 -0.42761445 -0.5253826 0.363736 -0.14823698 -0.5238263 -0.45619705 -0.450839 -0.4546243 -0.390817 -0.54509294 -0.41001576 -0.20418012 0.1901439 -0.44563413 -0.61181474 -0.42604673 -0.57823265 -0.4479208 -0.36422244 0.26592574 0.1912154 0.08497111 0.16819109 0.13001738 NaN 
-0.21946108 0.13291499 0.0014681905 0.3022076 0.32014388 -0.42200142 -0.49752492 -0.4610952 -0.43471414 -0.44384044 0.41813812 0.049347866 0.832407 0.8209966 0.8241392 0.8534572 0.33867207 0.3543576 0.13490297 1.0 0.8738496 0.16763367 0.44052136 0.759602 0.71884614 0.7304665 0.717963 0.71209025 0.6640592 0.7430569 0.7574002 0.80717576 0.7745789 0.71883523 0.8098443 -0.4188348 0.6035292 0.65932256 0.7385581 0.13458171 0.69978184 0.75710225 0.5159373 0.6009576 0.6478575 0.63549685 0.33662245 0.52647835 0.5520063 0.40108132 -0.21011361 0.52120024 0.5919399 NaN NaN NaN NaN NaN 0.1599954 0.0091154855 -0.6417386 -0.6374035 -0.65308523 -0.4899202 -0.50775933 -0.4342277 -0.3278906 -0.2918028 -0.29296044 -0.37544423 -0.4318257 -0.49754053 -0.4992075 -0.5254577 -0.6432609 -0.15354314 0.22693431 0.26929304 0.12143483 -0.5359086 -0.16948427 0.14439635 0.1536691 0.112281136 -0.52415204 -0.63864714 -0.6485808 -0.39750892 -0.21368326 -0.6315873 -0.60425496 -0.5932419 -0.546283 -0.04405552 -0.26187083 -0.6085832 -0.49293497 -0.43600515 -0.4546478 -0.52284396 -0.5095547 -0.1603582 0.47781616 0.4158743 -0.32174382 0.08715871 0.27348194 0.25020006 0.21428007 0.032587934 -0.18084063 -0.11752886 -0.18216431 -0.41592094 -0.5356127 -0.02828685 0.058397487 0.042098884 0.249953 -0.082648925 -0.27659234 -0.5988412 -0.4572163 -0.45041245 -0.382295 -0.37411866 NaN 
-0.109355114 0.07195028 0.10573224 0.28491887 0.29493275 -0.24985822 -0.3873399 -0.35585746 -0.29010296 -0.24233769 0.5099584 0.32296842 0.77987677 0.7909491 0.7347481 0.8160651 0.6228956 0.5938426 0.42297733 0.8738496 1.0 0.5451206 0.5752842 0.7256582 0.56348413 0.5940414 0.6428008 0.6431374 0.5752553 0.5908129 0.5729029 0.65848535 0.62222385 0.6477743 0.6710496 -0.13695146 0.5567747 0.5515924 0.5087374 0.32011747 0.6083786 0.5872012 0.5340221 0.41208267 0.46286243 0.524532 0.37211078 0.42875412 0.40725416 0.3475855 0.03679539 0.5342769 0.43503442 NaN NaN NaN NaN NaN 0.082271546 -0.13480821 -0.48409897 -0.5339259 -0.54635346 -0.54868543 -0.40657958 -0.36326763 -0.27123946 -0.23767732 -0.24053104 -0.34852836 -0.37770295 -0.42286167 -0.4384534 -0.4132035 -0.5290806 -0.19288485 0.0750283 0.13908783 0.0014901073 -0.318136 -0.17710075 -0.012243728 0.008340221 -0.04994914 -0.40597913 -0.49429524 -0.51994663 -0.33664724 -0.26735312 -0.59530187 -0.5374231 -0.3980026 -0.44231743 -0.24686699 -0.37268046 -0.49021623 -0.41580847 -0.3373159 -0.3379441 -0.35383976 -0.29040962 -0.018690547 0.30356187 0.21213749 -0.11663424 0.07689841 0.08959321 0.0682359 0.034201078 -0.100302376 -0.25744614 -0.26675233 -0.26779482 -0.41148996 -0.38396376 -0.1518651 -0.1370294 -0.060308393 0.030345444 -0.18741043 -0.34567317 -0.4692115 -0.40149662 -0.42383304 -0.32939795 -0.31129315 NaN 
0.16992876 -0.23516728 0.1423088 -0.033682454 -0.070263684 0.3067445 0.23373301 0.2507624 0.37236586 0.47458872 0.27943316 0.6028434 0.15640144 0.14041871 0.031623296 0.17998241 0.8494929 0.8401191 0.8857101 0.16763367 0.5451206 1.0 0.6055433 0.2419699 -0.03495441 0.0044605196 0.121611975 0.13531102 0.08889243 -0.015819067 -0.10288849 -0.021580271 -0.054094743 0.07971356 -0.045587234 0.60493577 0.043752115 -0.110467635 -0.32093874 0.4358885 -0.003976937 -0.1770624 0.12651494 -0.27746043 -0.23890392 -0.15491615 0.06617528 -0.16835834 -0.25636452 -0.12886932 0.45828164 0.08869908 -0.11470909 NaN NaN NaN NaN NaN -0.070847124 -0.46820632 0.1452008 0.1513987 0.13277017 -0.38274953 0.23092088 0.20010819 0.1921427 0.19458257 0.19098839 0.09214944 0.143017 0.17814693 0.1430586 0.26111445 -0.018728985 -0.40884247 -0.47662628 -0.42544162 -0.48253295 0.22025087 -0.31791154 -0.45515501 -0.3995111 -0.4978495 -0.01603353 0.10681038 0.07220531 -0.15717266 -0.40473092 -0.25176832 -0.15047401 0.3493188 0.00981618 -0.7174277 -0.54431975 0.16842087 0.15951644 0.24710566 0.28690964 0.3679002 0.472581 0.31280562 -0.34957868 -0.45666507 0.36362258 -0.11746536 -0.41726094 -0.36829308 -0.37050962 -0.37540072 -0.3647676 -0.5194507 -0.40642348 -0.23062386 0.15477717 -0.43603113 -0.557117 -0.36516348 -0.5112023 -0.4210035 -0.386206 0.18705788 0.11937171 0.015865559 0.12067003 0.09130384 NaN 
-0.0798445 -0.1861113 0.005439802 0.031164028 0.0018860665 -0.060110174 -0.117212236 -0.07817595 0.02147257 0.0866945 0.29751083 0.39173383 0.51250744 0.48066732 0.40454897 0.52952105 0.69482416 0.71539396 0.57648075 0.44052136 0.5752842 0.6055433 1.0 0.7821143 0.5404697 0.54698104 0.5991861 0.5720684 0.47900876 0.44825247 0.37493968 0.43664697 0.36345148 0.4026684 0.3639647 0.2241646 0.28321445 0.2389919 0.12340367 0.332306 0.33018392 0.23350565 0.30877706 0.08908311 0.13966487 0.20106201 0.21202332 0.12014635 0.091631025 0.08479059 0.19539541 0.3095355 0.25569114 NaN NaN NaN NaN NaN 0.12744129 -0.27645168 -0.26645187 -0.24564627 -0.2732475 -0.5648695 -0.10574125 -0.07652818 -0.009779348 0.005128562 0.003574081 -0.11946634 -0.12471344 -0.13983051 -0.16630603 -0.08551946 -0.3860109 -0.38421193 -0.20830335 -0.16655599 -0.31615058 -0.16484562 -0.32098022 -0.2065255 -0.15307009 -0.2558023 -0.29006025 -0.2378185 -0.29277015 -0.35476768 -0.42702386 -0.5271161 -0.44364226 -0.028289808 -0.260784 -0.5103957 -0.5214281 -0.18959975 -0.104774825 -0.023384038 -0.00394026 0.014721811 0.12874858 0.172178 0.045721494 -0.09754922 0.13506651 -0.0041914717 -0.115784466 -0.11290413 -0.12439693 -0.23759635 -0.35689348 -0.41114593 -0.39942816 -0.3684509 -0.17526068 -0.32463333 -0.33095387 -0.22109129 -0.20073792 -0.32107463 -0.4284653 -0.17227806 -0.122487806 -0.19449659 -0.08492894 -0.11251534 NaN 
-0.19110419 0.07191415 0.035207808 0.25917852 0.26484963 -0.38602766 -0.50444704 -0.4738995 -0.41806027 -0.3797395 0.41668126 0.18795894 0.8055576 0.78418666 0.73621655 0.80839604 0.42722094 0.44934788 0.22897257 0.759602 0.7256582 0.2419699 0.7821143 1.0 0.84123236 0.8407154 0.8956365 0.86929935 0.74652857 0.7726879 0.7285579 0.7842956 0.7082726 0.68484485 0.747704 -0.22594108 0.5731031 0.6387183 0.59504 0.26171076 0.65369827 0.6566537 0.5095936 0.45319518 0.50693715 0.5914496 0.42259073 0.5094291 0.5112407 0.42129087 -0.008628769 0.568926 0.47332308 NaN NaN NaN NaN NaN 0.1056203 -0.027115954 -0.54769546 -0.62750995 -0.6437272 -0.56555355 -0.51184225 -0.45633498 -0.35611156 -0.32840824 -0.32842708 -0.4308915 -0.4685903 -0.5204439 -0.5351167 -0.51031804 -0.5733421 -0.12462318 0.17836261 0.23478323 0.056080766 -0.3990876 -0.14559582 0.08055146 0.09965173 0.04736781 -0.45009196 -0.55068153 -0.59475 -0.3590699 -0.23387642 -0.6236192 -0.601561 -0.486779 -0.4963444 -0.15294553 -0.3321078 -0.57308334 -0.48815802 -0.42048898 -0.42742577 -0.442835 -0.34806535 -0.020298015 0.45057696 0.3373531 -0.11831035 0.15805645 0.21567155 0.15453139 0.13126162 -0.020913748 -0.183474 -0.16203834 -0.20846896 -0.37755874 -0.42629644 -0.06338107 -0.010682416 0.030640377 0.17511605 -0.07213203 -0.28281832 -0.5338212 -0.4733556 -0.4813439 -0.39864233 -0.35787416 NaN 
-0.28493395 0.06307917 -0.11520282 0.17041509 0.18535553 -0.5152419 -0.5306115 -0.47853678 -0.47295874 -0.5087316 0.18070507 -0.15335436 0.68946075 0.677337 0.7374061 0.7247923 0.12306013 0.171146 -0.089382544 0.71884614 0.56348413 -0.03495441 0.5404697 0.84123236 1.0 0.9835784 0.85459805 0.8327349 0.7333275 0.83619523 0.8773516 0.8459747 0.7389746 0.577637 0.7088789 -0.5016756 0.40503106 0.5888526 0.7218663 -0.06314418 0.54102266 0.65739673 0.32190636 0.6044116 0.6283479 0.5320028 0.22206806 0.42473722 0.5038307 0.2886653 -0.31845593 0.48688084 0.7075892 NaN NaN NaN NaN NaN 0.36452526 0.25595805 -0.61097413 -0.6473714 -0.6649107 -0.46896535 -0.51390076 -0.4271395 -0.3060602 -0.26723063 -0.26995972 -0.3657832 -0.43541098 -0.51053035 -0.51508814 -0.53531796 -0.66152644 -0.07608773 0.39112732 0.35371265 0.15428701 -0.5641585 -0.04789288 0.36824706 0.39520103 0.31755224 -0.4943265 -0.6335562 -0.656985 -0.40211785 -0.18336043 -0.62508076 -0.5950567 -0.60122937 -0.53538054 0.07721967 -0.225228 -0.642352 -0.5011323 -0.43555468 -0.4625273 -0.55633974 -0.5357996 -0.22626294 0.50496584 0.4368426 -0.39235252 0.03960826 0.38912776 0.3857489 0.36847433 0.15508156 -0.17207333 -0.06569948 -0.23145908 -0.4415879 -0.59852767 -0.022318248 0.17297764 0.06959231 0.3806304 -0.022285013 -0.26523545 -0.6420883 -0.47233117 -0.46790174 -0.39484438 -0.40914953 NaN 
-0.28625208 0.061526757 -0.10043078 0.17847064 0.20260628 -0.5013557 -0.5330477 -0.48197812 -0.47441337 -0.5004781 0.22351946 -0.10943711 0.718343 0.69892395 0.74436903 0.7415127 0.15076466 0.1962284 -0.055088174 0.7304665 0.5940414 0.0044605196 0.54698104 0.8407154 0.9835784 1.0 0.8736774 0.8569905 0.75639117 0.85119617 0.88353705 0.8541225 0.74138683 0.5893843 0.7171529 -0.481991 0.42395976 0.58867955 0.7039138 -0.037293367 0.54567474 0.6519725 0.33446616 0.59028023 0.6130219 0.52631307 0.24378526 0.43225518 0.49611115 0.2970988 -0.28135216 0.50726604 0.6807465 NaN NaN NaN NaN NaN 0.31449214 0.21559991 -0.62165177 -0.6587262 -0.6816733 -0.5089367 -0.5249307 -0.44161108 -0.32219338 -0.28786466 -0.28925586 -0.38433024 -0.44650394 -0.51662236 -0.52452725 -0.53661263 -0.6496978 -0.09136517 0.3506309 0.31985068 0.11999913 -0.5653524 -0.08076499 0.31839004 0.3472076 0.2757681 -0.50222653 -0.6433505 -0.671452 -0.4285003 -0.21625221 -0.6464291 -0.6306979 -0.604423 -0.55858403 0.03400886 -0.25638235 -0.6327868 -0.5010454 -0.43687785 -0.46141502 -0.54629636 -0.5143333 -0.18597223 0.5153249 0.4352272 -0.34571815 0.068157874 0.40120557 0.4034145 0.38682988 0.18179622 -0.14547604 -0.05583732 -0.21985176 -0.41171718 -0.55234945 0.008186892 0.18983129 0.10111147 0.39619726 -0.005791009 -0.25394034 -0.620074 -0.4738967 -0.4697027 -0.3968426 -0.38848114 NaN 
-0.20844795 0.16164157 0.07440199 0.32246593 0.3279044 -0.46152464 -0.60772437 -0.58974814 -0.54723454 -0.5044735 0.37011528 0.09140404 0.7432946 0.6931398 0.6299073 0.7164557 0.275718 0.3280691 0.12848769 0.717963 0.6428008 0.121611975 0.5991861 0.8956365 0.85459805 0.8736774 1.0 0.96246296 0.8477511 0.860724 0.7777608 0.81275296 0.7212046 0.6962152 0.767711 -0.3021335 0.62317455 0.6884903 0.61578476 0.2637723 0.680258 0.6685042 0.5130281 0.42523524 0.4679955 0.61666167 0.4866898 0.5844145 0.5759861 0.5173513 0.013754385 0.60553646 0.3806586 NaN NaN NaN NaN NaN -0.011946821 0.027010813 -0.55680794 -0.68707925 -0.69804037 -0.49720883 -0.605634 -0.55674434 -0.47274384 -0.45092925 -0.4511851 -0.5294397 -0.5604531 -0.6029679 -0.608431 -0.60066175 -0.527119 0.002578258 0.2448531 0.33245227 0.17545222 -0.39233306 -0.0748655 0.1186579 0.13131216 0.12537634 -0.38430506 -0.5359284 -0.56464833 -0.24230191 -0.07087619 -0.5232339 -0.53167796 -0.55443233 -0.47751945 -0.013048354 -0.21163286 -0.5995718 -0.54932183 -0.4981879 -0.5104069 -0.49837065 -0.4037931 0.030328572 0.54158646 0.44460213 -0.10959021 0.2526029 0.2904493 0.17503405 0.15894344 0.048322916 -0.05114811 -0.01484983 -0.0666343 -0.24295215 -0.36812302 0.10550977 0.13961163 0.16419898 0.29593465 0.0639872 -0.13272801 -0.54235315 -0.5365463 -0.5227808 -0.4616209 -0.35980722 NaN 
-0.1938742 0.1399179 0.059237722 0.29508254 0.31536093 -0.443019 -0.5897602 -0.57520115 -0.5411333 -0.49410322 0.38187006 0.10574102 0.7250576 0.6850865 0.634507 0.7017475 0.2732273 0.31831303 0.12880395 0.71209025 0.6431374 0.13531102 0.5720684 0.86929935 0.8327349 0.8569905 0.96246296 1.0 0.88820904 0.88709915 0.80443794 0.8172095 0.6977967 0.67146605 0.74338156 -0.29797593 0.6045814 0.65909845 0.5968938 0.2618756 0.63968843 0.6561594 0.4924211 0.43315065 0.4707283 0.5783572 0.47144708 0.5606816 0.5356176 0.48037994 0.02601474 0.6071703 0.3935699 NaN NaN NaN NaN NaN -3.792264E-4 0.034556054 -0.5549004 -0.68335545 -0.6943518 -0.53732836 -0.60111976 -0.55463463 -0.46913344 -0.44847456 -0.44917703 -0.5265022 -0.55669737 -0.5971382 -0.6079503 -0.5980458 -0.5240043 -0.02944202 0.2233574 0.2878469 0.13870765 -0.3793944 -0.06632489 0.14348023 0.16603996 0.1386579 -0.37674704 -0.5345759 -0.5742941 -0.25651118 -0.09000786 -0.53729147 -0.55474746 -0.5430043 -0.49309206 -0.045899875 -0.24185908 -0.58059436 -0.54094565 -0.48984545 -0.50339675 -0.4884281 -0.38935634 0.037458222 0.54663074 0.4346753 -0.08989765 0.23767428 0.29336685 0.1972373 0.18293254 0.07582609 -0.047401924 -0.027725562 -0.07629296 -0.24678493 -0.34359452 0.11378131 0.14773513 0.1692316 0.30895042 0.06709573 -0.13210735 -0.51787287 -0.53077775 -0.51381433 -0.4526975 -0.3444304 NaN 
-0.19066839 0.12852041 0.054475665 0.3029421 0.33250937 -0.38558626 -0.5206232 -0.49562174 -0.45469868 -0.41210073 0.41382176 0.12499936 0.70057994 0.67608213 0.63188094 0.6721202 0.28046983 0.29678515 0.10528874 0.6640592 0.5752553 0.08889243 0.47900876 0.74652857 0.7333275 0.75639117 0.8477511 0.88820904 1.0 0.95077527 0.8411219 0.8069796 0.67583543 0.6473288 0.7075069 -0.33751652 0.56349367 0.5391167 0.5791368 0.1968792 0.5974082 0.62650865 0.45029533 0.447125 0.46647233 0.5462997 0.4081789 0.5144703 0.5064777 0.4365682 -0.027502824 0.561696 0.4393483 NaN NaN NaN NaN NaN 0.07346025 -3.8633132E-4 -0.5571912 -0.6313364 -0.63682795 -0.503045 -0.51909006 -0.46690738 -0.37457755 -0.3491964 -0.35095108 -0.42867035 -0.46536502 -0.51656985 -0.52392715 -0.526288 -0.53207237 -0.07585652 0.2050684 0.26827234 0.10536462 -0.42010567 -0.13528132 0.09607635 0.112921916 0.08179406 -0.4351274 -0.5577548 -0.5870361 -0.30538568 -0.14558026 -0.55404186 -0.5586564 -0.5227115 -0.493613 -0.07000224 -0.2755811 -0.55180234 -0.48357564 -0.42514855 -0.44425887 -0.4580489 -0.38419598 -0.035680186 0.4818331 0.37788832 -0.12629153 0.19311383 0.2584629 0.18136685 0.16824748 0.04220508 -0.09683457 -0.07488894 -0.11797395 -0.2983128 -0.37384462 0.04396623 0.09338347 0.099385954 0.25038332 -0.013927738 -0.19043528 -0.5144011 -0.45994386 -0.44650218 -0.3843249 -0.312008 NaN 
