NaN NaN NaN NaN NaN NaN NaN NaN NaN NaN NaN NaN NaN NaN NaN NaN NaN NaN NaN NaN NaN NaN NaN NaN NaN NaN NaN NaN NaN NaN NaN NaN NaN NaN NaN NaN NaN NaN NaN NaN NaN NaN NaN NaN NaN NaN NaN NaN NaN NaN NaN NaN NaN NaN NaN NaN NaN NaN NaN NaN NaN NaN NaN NaN NaN NaN NaN NaN NaN NaN NaN NaN NaN NaN NaN NaN NaN NaN NaN NaN NaN NaN NaN NaN NaN NaN NaN NaN NaN NaN NaN NaN NaN NaN NaN NaN NaN 
NaN NaN NaN NaN NaN NaN NaN NaN NaN NaN NaN NaN NaN NaN NaN NaN NaN NaN NaN NaN NaN NaN NaN NaN NaN NaN NaN NaN NaN NaN NaN NaN NaN NaN NaN NaN NaN NaN NaN NaN NaN NaN NaN NaN NaN NaN NaN NaN NaN NaN NaN NaN NaN NaN NaN NaN NaN NaN NaN NaN NaN NaN NaN NaN NaN NaN NaN NaN NaN NaN NaN NaN NaN NaN NaN NaN NaN NaN NaN NaN NaN NaN NaN NaN NaN NaN NaN NaN NaN NaN NaN NaN NaN NaN NaN NaN NaN 
NaN NaN NaN NaN NaN NaN NaN NaN NaN NaN NaN NaN NaN NaN NaN NaN NaN NaN NaN NaN NaN NaN NaN NaN NaN NaN NaN NaN NaN NaN NaN NaN NaN NaN NaN NaN NaN NaN NaN NaN NaN NaN NaN NaN NaN NaN NaN NaN NaN NaN NaN NaN NaN NaN NaN NaN NaN NaN NaN NaN NaN NaN NaN NaN NaN NaN NaN NaN NaN NaN NaN NaN NaN NaN NaN NaN NaN NaN NaN NaN NaN NaN NaN NaN NaN NaN NaN NaN NaN NaN NaN NaN NaN NaN NaN NaN NaN 
NaN NaN NaN NaN NaN NaN NaN NaN NaN NaN NaN NaN NaN NaN NaN NaN NaN NaN NaN NaN NaN NaN NaN NaN NaN NaN NaN NaN NaN NaN NaN NaN NaN NaN NaN NaN NaN NaN NaN NaN NaN NaN NaN NaN NaN NaN NaN NaN NaN NaN NaN NaN NaN NaN NaN NaN NaN NaN NaN NaN NaN NaN NaN NaN NaN NaN NaN NaN NaN NaN NaN NaN NaN NaN NaN NaN NaN NaN NaN NaN NaN NaN NaN NaN NaN NaN NaN NaN NaN NaN NaN NaN NaN NaN NaN NaN NaN 
NaN NaN NaN NaN NaN NaN NaN NaN NaN NaN NaN NaN NaN NaN NaN NaN NaN NaN NaN NaN NaN NaN NaN NaN NaN NaN NaN NaN NaN NaN NaN NaN NaN NaN NaN NaN NaN NaN NaN NaN NaN NaN NaN NaN NaN NaN NaN NaN NaN NaN NaN NaN NaN NaN NaN NaN NaN NaN NaN NaN NaN NaN NaN NaN NaN NaN NaN NaN NaN NaN NaN NaN NaN NaN NaN NaN NaN NaN NaN NaN NaN NaN NaN NaN NaN NaN NaN NaN NaN NaN NaN NaN NaN NaN NaN NaN NaN 
NaN NaN NaN NaN NaN NaN NaN NaN NaN NaN NaN NaN NaN NaN NaN NaN NaN NaN NaN NaN NaN NaN NaN NaN NaN NaN NaN NaN NaN NaN NaN NaN NaN NaN NaN NaN NaN NaN NaN NaN NaN NaN NaN NaN NaN NaN NaN NaN NaN NaN NaN NaN NaN NaN NaN NaN NaN NaN NaN NaN NaN NaN NaN NaN NaN NaN NaN NaN NaN NaN NaN NaN NaN NaN NaN NaN NaN NaN NaN NaN NaN NaN NaN NaN NaN NaN NaN NaN NaN NaN NaN NaN NaN NaN NaN NaN NaN 
NaN NaN NaN NaN NaN NaN NaN NaN NaN NaN NaN NaN NaN NaN NaN NaN NaN NaN NaN NaN NaN NaN NaN NaN NaN NaN NaN NaN NaN NaN NaN NaN NaN NaN NaN NaN NaN NaN NaN NaN NaN NaN NaN NaN NaN NaN NaN NaN NaN NaN NaN NaN NaN NaN NaN NaN NaN NaN NaN NaN NaN NaN NaN NaN NaN NaN NaN NaN NaN NaN NaN NaN NaN NaN NaN NaN NaN NaN NaN NaN NaN NaN NaN NaN NaN NaN NaN NaN NaN NaN NaN NaN NaN NaN NaN NaN NaN 
NaN NaN NaN NaN NaN NaN NaN NaN NaN NaN NaN NaN NaN NaN NaN NaN NaN NaN NaN NaN NaN NaN NaN NaN NaN NaN NaN NaN NaN NaN NaN NaN NaN NaN NaN NaN NaN NaN NaN NaN NaN NaN NaN NaN NaN NaN NaN NaN NaN NaN NaN NaN NaN NaN NaN NaN NaN NaN NaN NaN NaN NaN NaN NaN NaN NaN NaN NaN NaN NaN NaN NaN NaN NaN NaN NaN NaN NaN NaN NaN NaN NaN NaN NaN NaN NaN NaN NaN NaN NaN NaN NaN NaN NaN NaN NaN NaN 
NaN NaN NaN NaN NaN NaN NaN NaN NaN NaN NaN NaN NaN NaN NaN NaN NaN NaN NaN NaN NaN NaN NaN NaN NaN NaN NaN NaN NaN NaN NaN NaN NaN NaN NaN NaN NaN NaN NaN NaN NaN NaN NaN NaN NaN NaN NaN NaN NaN NaN NaN NaN NaN NaN NaN NaN NaN NaN NaN NaN NaN NaN NaN NaN NaN NaN NaN NaN NaN NaN NaN NaN NaN NaN NaN NaN NaN NaN NaN NaN NaN NaN NaN NaN NaN NaN NaN NaN NaN NaN NaN NaN NaN NaN NaN NaN NaN 
NaN NaN NaN NaN NaN NaN NaN NaN NaN NaN NaN NaN NaN NaN NaN NaN NaN NaN NaN NaN NaN NaN NaN NaN NaN NaN NaN NaN NaN NaN NaN NaN NaN NaN NaN NaN NaN NaN NaN NaN NaN NaN NaN NaN NaN NaN NaN NaN NaN NaN NaN NaN NaN NaN NaN NaN NaN NaN NaN NaN NaN NaN NaN NaN NaN NaN NaN NaN NaN NaN NaN NaN NaN NaN NaN NaN NaN NaN NaN NaN NaN NaN NaN NaN NaN NaN NaN NaN NaN NaN NaN NaN NaN NaN NaN NaN NaN 
NaN NaN NaN NaN NaN NaN NaN NaN NaN NaN NaN NaN NaN NaN NaN NaN NaN NaN NaN NaN NaN NaN NaN NaN NaN NaN NaN NaN NaN NaN NaN NaN NaN NaN NaN NaN NaN NaN NaN NaN NaN NaN NaN NaN NaN NaN NaN NaN NaN NaN NaN NaN NaN NaN NaN NaN NaN NaN NaN NaN NaN NaN NaN NaN NaN NaN NaN NaN NaN NaN NaN NaN NaN NaN NaN NaN NaN NaN NaN NaN NaN NaN NaN NaN NaN NaN NaN NaN NaN NaN NaN NaN NaN NaN NaN NaN NaN 
NaN NaN NaN NaN NaN NaN NaN NaN NaN NaN NaN NaN NaN NaN NaN NaN NaN NaN NaN NaN NaN NaN NaN NaN NaN NaN NaN NaN NaN NaN NaN NaN NaN NaN NaN NaN NaN NaN NaN NaN NaN NaN NaN NaN NaN NaN NaN NaN NaN NaN NaN NaN NaN NaN NaN NaN NaN NaN NaN NaN NaN NaN NaN NaN NaN NaN NaN NaN NaN NaN NaN NaN NaN NaN NaN NaN NaN NaN NaN NaN NaN NaN NaN NaN NaN NaN NaN NaN NaN NaN NaN NaN NaN NaN NaN NaN NaN 
NaN NaN NaN NaN NaN NaN NaN NaN NaN NaN NaN NaN NaN NaN NaN NaN NaN NaN NaN NaN NaN NaN NaN NaN NaN NaN NaN NaN NaN NaN NaN NaN NaN NaN NaN NaN NaN NaN NaN NaN NaN NaN NaN NaN NaN NaN NaN NaN NaN NaN NaN NaN NaN NaN NaN NaN NaN NaN NaN NaN NaN NaN NaN NaN NaN NaN NaN NaN NaN NaN NaN NaN NaN NaN NaN NaN NaN NaN NaN NaN NaN NaN NaN NaN NaN NaN NaN NaN NaN NaN NaN NaN NaN NaN NaN NaN NaN 
NaN NaN NaN NaN NaN NaN NaN NaN NaN NaN NaN NaN NaN NaN NaN NaN NaN NaN NaN NaN NaN NaN NaN NaN NaN NaN NaN NaN NaN NaN NaN NaN NaN NaN NaN NaN NaN NaN NaN NaN NaN NaN NaN NaN NaN NaN NaN NaN NaN NaN NaN NaN NaN NaN NaN NaN NaN NaN NaN NaN NaN NaN NaN NaN NaN NaN NaN NaN NaN NaN NaN NaN NaN NaN NaN NaN NaN NaN NaN NaN NaN NaN NaN NaN NaN NaN NaN NaN NaN NaN NaN NaN NaN NaN NaN NaN NaN 
NaN NaN NaN NaN NaN NaN NaN NaN NaN NaN NaN NaN NaN NaN NaN NaN NaN NaN NaN NaN NaN NaN NaN NaN NaN NaN NaN NaN NaN NaN NaN NaN NaN NaN NaN NaN NaN NaN NaN NaN NaN NaN NaN NaN NaN NaN NaN NaN NaN NaN NaN NaN NaN NaN NaN NaN NaN NaN NaN NaN NaN NaN NaN NaN NaN NaN NaN NaN NaN NaN NaN NaN NaN NaN NaN NaN NaN NaN NaN NaN NaN NaN NaN NaN NaN NaN NaN NaN NaN NaN NaN NaN NaN NaN NaN NaN NaN 
NaN NaN NaN NaN NaN NaN NaN NaN NaN NaN NaN NaN NaN NaN NaN NaN NaN NaN NaN NaN NaN NaN NaN NaN NaN NaN NaN NaN NaN NaN NaN NaN NaN NaN NaN NaN NaN NaN NaN NaN NaN NaN NaN NaN NaN NaN NaN NaN NaN NaN NaN NaN NaN NaN NaN NaN NaN NaN NaN NaN NaN NaN NaN NaN NaN NaN NaN NaN NaN NaN NaN NaN NaN NaN NaN NaN NaN NaN NaN NaN NaN NaN NaN NaN NaN NaN NaN NaN NaN NaN NaN NaN NaN NaN NaN NaN NaN 
NaN NaN NaN NaN NaN NaN NaN NaN NaN NaN NaN NaN NaN NaN NaN NaN NaN NaN NaN NaN NaN NaN NaN NaN NaN NaN NaN NaN NaN NaN NaN NaN NaN NaN NaN NaN NaN NaN NaN NaN NaN NaN NaN NaN NaN NaN NaN NaN NaN NaN NaN NaN NaN NaN NaN NaN NaN NaN NaN NaN NaN NaN NaN NaN NaN NaN NaN NaN NaN NaN NaN NaN NaN NaN NaN NaN NaN NaN NaN NaN NaN NaN NaN NaN NaN NaN NaN NaN NaN NaN NaN NaN NaN NaN NaN NaN NaN 
NaN NaN NaN NaN NaN NaN NaN NaN NaN NaN NaN NaN NaN NaN NaN NaN NaN NaN NaN NaN NaN NaN NaN NaN NaN NaN NaN NaN NaN NaN NaN NaN NaN NaN NaN NaN NaN NaN NaN NaN NaN NaN NaN NaN NaN NaN NaN NaN NaN NaN NaN NaN NaN NaN NaN NaN NaN NaN NaN NaN NaN NaN NaN NaN NaN NaN NaN NaN NaN NaN NaN NaN NaN NaN NaN NaN NaN NaN NaN NaN NaN NaN NaN NaN NaN NaN NaN NaN NaN NaN NaN NaN NaN NaN NaN NaN NaN 
NaN NaN NaN NaN NaN NaN NaN NaN NaN NaN NaN NaN NaN NaN NaN NaN NaN NaN 1.0 0.9735763 0.9563052 -0.101604216 0.12810163 NaN NaN NaN NaN NaN 0.88763946 -0.32608026 -0.4430767 -0.6979117 -0.6512079 -0.63238394 -0.5979195 -0.564483 -0.53273064 -0.6745501 -0.69186574 -0.45584527 -0.41280898 -0.38810372 -0.40425998 -0.4383711 -0.58923763 -0.62955385 -0.6932576 -0.4260388 -0.43681613 -0.41501674 -0.61191046 -0.6509393 -0.6403086 -0.73002386 -0.526435 -0.77848667 -0.17511265 0.17585157 0.13318588 0.011572909 -0.18780318 -0.59288347 -0.6252411 -0.4277671 -0.50078547 -0.6583004 -0.49429363 -0.24269836 -0.031108834 0.19785826 0.44397515 0.4106965 0.3861352 0.5638624 0.35207438 0.43821162 0.435961 0.078285895 -0.3455679 -0.4539839 -0.15708666 -0.6006877 -0.55850077 -0.42964312 -0.50330645 -0.5173676 -0.084779605 0.07599867 0.31653875 0.6526672 0.5203031 0.6226134 0.59243774 0.70511967 0.70863914 0.6238082 0.9584336 
NaN NaN NaN NaN NaN NaN NaN NaN NaN NaN NaN NaN NaN NaN NaN NaN NaN NaN 0.9735763 1.0 0.9543607 0.0256189 0.2370825 NaN NaN NaN NaN NaN 0.9093942 -0.25303766 -0.32092303 -0.6727306 -0.615758 -0.60217637 -0.5984424 -0.56825167 -0.5337155 -0.63958836 -0.6333616 -0.41339743 -0.3606901 -0.34007603 -0.3623283 -0.39927095 -0.578823 -0.6629895 -0.6997723 -0.41236392 -0.4237064 -0.40764076 -0.6238861 -0.6934417 -0.6764885 -0.759833 -0.53361595 -0.7784461 -0.20893635 0.15681823 0.0952098 -0.017825948 -0.20814197 -0.5881804 -0.6304646 -0.4095221 -0.47275764 -0.6040639 -0.42736903 -0.1685636 0.045275535 0.24350573 0.47602072 0.45014578 0.40466303 0.572819 0.36406824 0.46036613 0.444834 0.045642547 -0.3845861 -0.50446516 -0.21735239 -0.6760675 -0.61181545 -0.4832457 -0.56233364 -0.58871263 -0.11416728 0.08198804 0.32074842 0.6495499 0.52629006 0.6345156 0.6055018 0.7051939 0.71273756 0.6291061 0.92827153 
NaN NaN NaN NaN NaN NaN NaN NaN NaN NaN NaN NaN NaN NaN NaN NaN NaN NaN 0.9563052 0.9543607 1.0 0.17188105 0.3995148 NaN NaN NaN NaN NaN 0.9696642 -0.057921037 -0.31661037 -0.6040921 -0.71996874 -0.6119932 -0.7101732 -0.6708469 -0.58821166 -0.6928637 -0.61859566 -0.2803267 -0.24501663 -0.22748251 -0.2454035 -0.2764362 -0.4644915 -0.68964154 -0.60469484 -0.21894953 -0.22869737 -0.20377755 -0.44503188 -0.5531902 -0.5302644 -0.71933424 -0.63491076 -0.75036496 -0.2735916 0.03702085 0.013647702 -0.106894895 -0.31159922 -0.6580133 -0.50141734 -0.20465551 -0.28669107 -0.58463496 -0.54558736 -0.35525402 -0.1460686 0.04329286 0.3086778 0.29639953 0.2900963 0.4495766 0.2608612 0.29644763 0.2809378 -0.12745178 -0.5074393 -0.61373454 -0.36695665 -0.7144929 -0.4791986 -0.29759362 -0.39757013 -0.63254607 -0.29158312 -0.118013255 0.13226473 0.50881964 0.37118444 0.47514686 0.4388335 0.5751996 0.5818947 0.4810039 0.8631707 
NaN NaN NaN NaN NaN NaN NaN NaN NaN NaN NaN NaN NaN NaN NaN NaN NaN NaN -0.101604216 0.0256189 0.17188105 1.0 0.9519111 NaN NaN NaN NaN NaN 0.32996917 0.86476004 0.57644933 0.32057026 -0.14426193 0.1517217 -0.32126778 -0.27867234 -0.09804099 0.059297644 0.33784667 0.55689156 0.5743538 0.5592958 0.55219454 0.5508901 0.38163793 -0.20934318 0.2661869 0.62604433 0.60387063 0.6085505 0.4484844 0.19314757 0.24027354 -0.04751842 -0.33003184 0.081370756 -0.34287414 -0.462879 -0.4476409 -0.4474153 -0.44243607 -0.24225172 0.30395302 0.6094894 0.6146707 0.2947824 -0.07030449 -0.26527426 -0.26433524 -0.43326294 -0.38764244 -0.31244013 -0.2746333 -0.3338265 -0.26085183 -0.42342058 -0.4783135 -0.6700601 -0.53504324 -0.5494748 -0.71069473 -0.4518059 0.10097907 0.2270868 0.16636246 -0.44555795 -0.66355985 -0.57199436 -0.54192334 -0.42819935 -0.43926322 -0.40371296 -0.41847256 -0.3666559 -0.35932106 -0.41500005 -0.27756324 
NaN NaN NaN NaN NaN NaN NaN NaN NaN NaN NaN NaN NaN NaN NaN NaN NaN NaN 0.12810163 0.2370825 0.3995148 0.9519111 1.0 NaN NaN NaN NaN NaN 0.53666776 0.8185999 0.40887105 0.14875542 -0.33881587 -0.054286655 -0.49715716 -0.45595938 -0.2669542 -0.16192822 0.13220096 0.47973847 0.4909045 0.4782559 0.46495843 0.4596791 0.26723984 -0.3511325 0.11779376 0.56072277 0.54132247 0.5555424 0.34726265 0.088739686 0.13285956 -0.19419841 -0.47643393 -0.11075604 -0.37225428 -0.41791874 -0.39904955 -0.43090948 -0.48622397 -0.38475963 0.19042279 0.56222343 0.53314334 0.09983802 -0.24381587 -0.38215393 -0.3298401 -0.42446777 -0.31163338 -0.2482189 -0.20494017 -0.21887067 -0.19709222 -0.34456006 -0.39648488 -0.66195804 -0.6402457 -0.6718002 -0.7549701 -0.58387494 0.022859467 0.20968491 0.11189275 -0.573806 -0.7090486 -0.6016667 -0.5052223 -0.29462612 -0.34079537 -0.29856145 -0.3187504 -0.22256453 -0.21283644 -0.2895524 -0.05891802 
NaN NaN NaN NaN NaN NaN NaN NaN NaN NaN NaN NaN NaN NaN NaN NaN NaN NaN NaN NaN NaN NaN NaN NaN NaN NaN NaN NaN NaN NaN NaN NaN NaN NaN NaN NaN NaN NaN NaN NaN NaN NaN NaN NaN NaN NaN NaN NaN NaN NaN NaN NaN NaN NaN NaN NaN NaN NaN NaN NaN NaN NaN NaN NaN NaN NaN NaN NaN NaN NaN NaN NaN NaN NaN NaN NaN NaN NaN NaN NaN NaN NaN NaN NaN NaN NaN NaN NaN NaN NaN NaN NaN NaN NaN NaN NaN NaN 
NaN NaN NaN NaN NaN NaN NaN NaN NaN NaN NaN NaN NaN NaN NaN NaN NaN NaN NaN NaN NaN NaN NaN NaN NaN NaN NaN NaN NaN NaN NaN NaN NaN NaN NaN NaN NaN NaN NaN NaN NaN NaN NaN NaN NaN NaN NaN NaN NaN NaN NaN NaN NaN NaN NaN NaN NaN NaN NaN NaN NaN NaN NaN NaN NaN NaN NaN NaN NaN NaN NaN NaN NaN NaN NaN NaN NaN NaN NaN NaN NaN NaN NaN NaN NaN NaN NaN NaN NaN NaN NaN NaN NaN NaN NaN NaN NaN 
NaN NaN NaN NaN NaN NaN NaN NaN NaN NaN NaN NaN NaN NaN NaN NaN NaN NaN NaN NaN NaN NaN NaN NaN NaN NaN NaN NaN NaN NaN NaN NaN NaN NaN NaN NaN NaN NaN NaN NaN NaN NaN NaN NaN NaN NaN NaN NaN NaN NaN NaN NaN NaN NaN NaN NaN NaN NaN NaN NaN NaN NaN NaN NaN NaN NaN NaN NaN NaN NaN NaN NaN NaN NaN NaN NaN NaN NaN NaN NaN NaN NaN NaN NaN NaN NaN NaN NaN NaN NaN NaN NaN NaN NaN NaN NaN NaN 
NaN NaN NaN NaN NaN NaN NaN NaN NaN NaN NaN NaN NaN NaN NaN NaN NaN NaN NaN NaN NaN NaN NaN NaN NaN NaN NaN NaN NaN NaN NaN NaN NaN NaN NaN NaN NaN NaN NaN NaN NaN NaN NaN NaN NaN NaN NaN NaN NaN NaN NaN NaN NaN NaN NaN NaN NaN NaN NaN NaN NaN NaN NaN NaN NaN NaN NaN NaN NaN NaN NaN NaN NaN NaN NaN NaN NaN NaN NaN NaN NaN NaN NaN NaN NaN NaN NaN NaN NaN NaN NaN NaN NaN NaN NaN NaN NaN 
NaN NaN NaN NaN NaN NaN NaN NaN NaN NaN NaN NaN NaN NaN NaN NaN NaN NaN NaN NaN NaN NaN NaN NaN NaN NaN NaN NaN NaN NaN NaN NaN NaN NaN NaN NaN NaN NaN NaN NaN NaN NaN NaN NaN NaN NaN NaN NaN NaN NaN NaN NaN NaN NaN NaN NaN NaN NaN NaN NaN NaN NaN NaN NaN NaN NaN NaN NaN NaN NaN NaN NaN NaN NaN NaN NaN NaN NaN NaN NaN NaN NaN NaN NaN NaN NaN NaN NaN NaN NaN NaN NaN NaN NaN NaN NaN NaN 
NaN NaN NaN NaN NaN NaN NaN NaN NaN NaN NaN NaN NaN NaN NaN NaN NaN NaN 0.88763946 0.9093942 0.9696642 0.32996917 0.53666776 NaN NaN NaN NaN NaN 1.0 0.1245551 -0.16197498 -0.48580825 -0.7022423 -0.54564714 -0.7323916 -0.6881309 -0.5714954 -0.64277077 -0.51638347 -0.14535779 -0.09801103 -0.07533578 -0.092228316 -0.120056614 -0.33538786 -0.6676555 -0.49663243 -0.07498286 -0.0996627 -0.07385205 -0.3343159 -0.48909575 -0.45466688 -0.69154924 -0.66804343 -0.68828505 -0.33134848 -0.07510593 -0.105401695 -0.2147879 -0.40124142 -0.6855908 -0.4375785 -0.110695146 -0.18411711 -0.51710975 -0.5512227 -0.41274154 -0.2146679 -0.06516258 0.19609663 0.20007986 0.20948736 0.34993097 0.1877875 0.18103951 0.15579894 -0.25904837 -0.5747741 -0.67587227 -0.485233 -0.7503259 -0.40329507 -0.21541543 -0.31699005 -0.6600366 -0.40121984 -0.22588237 0.01632366 0.39054734 0.2543981 0.36569735 0.32993415 0.46633363 0.47083566 0.36370468 0.761701 
NaN NaN NaN NaN NaN NaN NaN NaN NaN NaN NaN NaN NaN NaN NaN NaN NaN NaN -0.32608026 -0.25303766 -0.057921037 0.86476004 0.8185999 NaN NaN NaN NaN NaN 0.1245551 1.0 0.6114787 0.55919397 -0.046428 0.24917257 -0.22927979 -0.19970255 -0.042552073 0.09108028 0.4072815 0.7040886 0.693275 0.6834494 0.6911471 0.71793777 0.62384963 0.0074342135 0.5162851 0.8085862 0.7812993 0.79483795 0.6984136 0.47855726 0.54275346 0.20773937 -0.25008535 0.29191238 -0.30411237 -0.5669297 -0.512286 -0.4741182 -0.43084008 -0.15983957 0.4778172 0.72318023 0.72410846 0.33829784 -0.12522157 -0.40594378 -0.44138327 -0.62938297 -0.6045267 -0.5237225 -0.43723375 -0.5280486 -0.40232575 -0.6261073 -0.67182684 -0.75406986 -0.46047235 -0.42535058 -0.6948064 -0.24697065 0.41968867 0.5403751 0.4782265 -0.25695428 -0.70837045 -0.7012333 -0.7198724 -0.64821583 -0.65200424 -0.6517043 -0.65678936 -0.5959211 -0.5903748 -0.64018583 -0.50569636 
NaN NaN NaN NaN NaN NaN NaN NaN NaN NaN NaN NaN NaN NaN NaN NaN NaN NaN -0.4430767 -0.32092303 -0.31661037 0.57644933 0.40887105 NaN NaN NaN NaN NaN -0.16197498 0.6114787 1.0 0.7347277 0.5655011 0.5888849 0.36295703 0.3732258 0.31561622 0.4621245 0.5910807 0.41622278 0.45506182 0.44508868 0.44845802 0.45932057 0.44980487 0.3019488 0.49010935 0.39132586 0.35140613 0.33858353 0.38851056 0.30419075 0.3628728 0.3436702 0.20914282 0.51225436 -0.1575838 -0.40635505 -0.41780654 -0.333361 -0.15888557 0.22911197 0.3419162 0.2608201 0.35115552 0.5470243 0.38246155 0.16049416 0.019308094 -0.26654452 -0.45192862 -0.40074795 -0.3827528 -0.48594862 -0.37016326 -0.47777075 -0.5055795 -0.4241341 -0.036670096 0.007059123 -0.30818295 0.029470222 0.1628127 0.039586768 0.07499213 0.015902866 -0.2692188 -0.24649641 -0.4236795 -0.55239105 -0.5189266 -0.47587022 -0.492139 -0.5332468 -0.5325079 -0.5209152 -0.54517263 
NaN NaN NaN NaN NaN NaN NaN NaN NaN NaN NaN NaN NaN NaN NaN NaN NaN NaN -0.6979117 -0.6727306 -0.6040921 0.32057026 0.14875542 NaN NaN NaN NaN NaN -0.48580825 0.55919397 0.7347277 1.0 0.543745 0.6406359 0.4045791 0.43526584 0.4707437 0.5537641 0.6146049 0.48626631 0.47840866 0.47142234 0.4912093 0.5294077 0.60218835 0.47397608 0.68438315 0.509311 0.47524425 0.47773662 0.6100965 0.583482 0.6806816 0.5969706 0.2574319 0.7726227 -0.12565582 -0.4909919 -0.42581546 -0.30980852 -0.12710342 0.38445124 0.65596485 0.45367998 0.5306903 0.6759302 0.3820657 0.035286836 -0.11549834 -0.44377586 -0.63646 -0.5718626 -0.5140012 -0.6550063 -0.47611675 -0.6594823 -0.673712 -0.43000656 0.18965301 0.2762957 -0.19336852 0.36763158 0.5225335 0.3784097 0.43562177 0.30918813 -0.27265117 -0.31849313 -0.5579321 -0.7619013 -0.71176106 -0.70381504 -0.7005041 -0.7557597 -0.74847746 -0.7419802 -0.7745653 
NaN NaN NaN NaN NaN NaN NaN NaN NaN NaN NaN NaN NaN NaN NaN NaN NaN NaN -0.6512079 -0.615758 -0.71996874 -0.14426193 -0.33881587 NaN NaN NaN NaN NaN -0.7022423 -0.046428 0.5655011 0.543745 1.0 0.61408836 0.88820714 0.86451125 0.60258037 0.6749155 0.5548146 0.08118115 0.08272129 0.057316154 0.06324993 0.06474918 0.2589397 0.7092125 0.43431175 -0.042943105 -0.056659147 -0.079596706 0.14652868 0.2786012 0.2076845 0.5477117 0.6977602 0.54795736 0.309063 0.09161724 0.061533786 0.1740741 0.40025687 0.63273734 0.22339067 -0.09892056 0.009031544 0.50987613 0.68114334 0.5921201 0.35846907 0.17013757 -0.17493875 -0.21653788 -0.24856265 -0.35336125 -0.257643 -0.18416397 -0.14958009 0.22410128 0.39916945 0.5079907 0.393893 0.472778 0.00680362 -0.18672828 -0.102645636 0.36905786 0.344716 0.21434297 -0.011603465 -0.31557974 -0.2154662 -0.28309044 -0.2708159 -0.3771214 -0.3965998 -0.29043257 -0.58919615 
NaN NaN NaN NaN NaN NaN NaN NaN NaN NaN NaN NaN NaN NaN NaN NaN NaN NaN -0.63238394 -0.60217637 -0.6119932 0.1517217 -0.054286655 NaN NaN NaN NaN NaN -0.54564714 0.24917257 0.5888849 0.6406359 0.61408836 1.0 0.662277 0.7389547 0.7644287 0.82097423 0.79432756 0.41858217 0.42083657 0.39584082 0.40470812 0.41799828 0.52053297 0.5699375 0.62928 0.31262133 0.25448287 0.24700004 0.39797136 0.37512708 0.48945057 0.47733894 0.29416573 0.68206227 -0.12665859 -0.4355774 -0.39920717 -0.2567992 -0.045312233 0.38931993 0.4740532 0.21696423 0.32118678 0.6341039 0.486006 0.21407051 0.06298857 -0.2808145 -0.51087606 -0.44759178 -0.42739215 -0.5676835 -0.4079878 -0.5496657 -0.5622723 -0.3220117 0.280689 0.336704 -0.112788506 0.3585275 0.32644013 0.118344836 0.22353244 0.3209518 -0.1342381 -0.11215433 -0.3822116 -0.62908286 -0.57679665 -0.5369944 -0.54372984 -0.62866557 -0.6337341 -0.6106114 -0.67757726 
NaN NaN NaN NaN NaN NaN NaN NaN NaN NaN NaN NaN NaN NaN NaN NaN NaN NaN -0.5979195 -0.5984424 -0.7101732 -0.32126778 -0.49715716 NaN NaN NaN NaN NaN -0.7323916 -0.22927979 0.36295703 0.4045791 0.88820714 0.662277 1.0 0.91280055 0.61904085 0.6407621 0.46039826 -0.024224468 -0.022940751 -0.045607645 -0.03910867 -0.040275395 0.16272645 0.6842515 0.35960674 -0.14315385 -0.15382332 -0.17328395 0.06808969 0.2442138 0.18704459 0.5158031 0.7125984 0.5397814 0.3669674 0.1755057 0.15684679 0.2495778 0.45658368 0.63388145 0.20924845 -0.1618576 -0.056264114 0.46955937 0.6557572 0.5817041 0.35290858 0.19940095 -0.12712498 -0.18038829 -0.20114152 -0.3027984 -0.2297276 -0.14481369 -0.099925436 0.29958373 0.46719703 0.5828973 0.46173227 0.5540163 0.030064186 -0.18829043 -0.084892064 0.44391027 0.4145866 0.25484663 0.034776293 -0.26566508 -0.17735487 -0.23070933 -0.22107883 -0.31582808 -0.34224874 -0.23802991 -0.51192224 
NaN NaN NaN NaN NaN NaN NaN NaN NaN NaN NaN NaN NaN NaN NaN NaN NaN NaN -0.564483 -0.56825167 -0.6708469 -0.27867234 -0.45595938 NaN NaN NaN NaN NaN -0.6881309 -0.19970255 0.3732258 0.43526584 0.86451125 0.7389547 0.91280055 1.0 0.83034366 0.8035446 0.6277798 0.11770389 0.11864122 0.08819901 0.08726996 0.07654308 0.27395734 0.762654 0.45551175 -0.08449034 -0.12833425 -0.14391106 0.07767309 0.19353953 0.16781005 0.45752844 0.5899789 0.48200867 0.23057593 0.025933571 0.051171485 0.1883564 0.4030427 0.5600144 0.20382082 -0.1696373 -0.057810877 0.4660231 0.59919775 0.4851072 0.2745112 0.08435202 -0.22100462 -0.23944351 -0.24290504 -0.34769312 -0.26626655 -0.23770504 -0.18780151 0.17843772 0.41642737 0.50546396 0.35109848 0.4872324 -0.006278154 -0.21474652 -0.10515307 0.3796017 0.30683732 0.20593503 -0.038257398 -0.32074735 -0.24273811 -0.28688583 -0.2729176 -0.3708888 -0.38537046 -0.30337068 -0.51237726 
NaN NaN NaN NaN NaN NaN NaN NaN NaN NaN NaN NaN NaN NaN NaN NaN NaN NaN -0.53273064 -0.5337155 -0.58821166 -0.09804099 -0.2669542 NaN NaN NaN NaN NaN -0.5714954 -0.042552073 0.31561622 0.4707437 0.60258037 0.7644287 0.61904085 0.83034366 1.0 0.9409827 0.78545773 0.35837683 0.36157405 0.33180064 0.3209438 0.30551726 0.4140059 0.6690675 0.54130197 0.111569 0.040713247 0.049672768 0.21521986 0.24396682 0.28996733 0.41200557 0.37115893 0.5315055 0.007512158 -0.22908507 -0.19765624 -0.053427026 0.14163747 0.40621075 0.25770932 -0.04610237 0.052956015 0.43792117 0.4322528 0.26620233 0.09401161 -0.13806412 -0.38557667 -0.3591778 -0.34658766 -0.4495433 -0.33465666 -0.39588484 -0.37361515 -0.072360866 0.32532367 0.3666365 0.11009264 0.40001458 0.1338514 -0.058228362 0.052135903 0.31686306 0.06034574 0.04556501 -0.22319977 -0.45830184 -0.40219587 -0.41089937 -0.38733822 -0.4796305 -0.48163787 -0.4478972 -0.53913176 
NaN NaN NaN NaN NaN NaN NaN NaN NaN NaN NaN NaN NaN NaN NaN NaN NaN NaN -0.6745501 -0.63958836 -0.6928637 0.059297644 -0.16192822 NaN NaN NaN NaN NaN -0.64277077 0.09108028 0.4621245 0.5537641 0.6749155 0.82097423 0.6407621 0.8035446 0.9409827 1.0 0.9006492 0.4537196 0.46118125 0.4280719 0.41767997 0.40396965 0.49537784 0.6688397 0.60905623 0.21080917 0.1484736 0.1456531 0.31652194 0.32486054 0.36418614 0.4878586 0.4305677 0.62766 0.022160783 -0.26589486 -0.25962785 -0.12791696 0.09388835 0.44705695 0.33873472 0.065505505 0.17702332 0.5632991 0.5169311 0.31375372 0.10829541 -0.16205631 -0.43296462 -0.39786473 -0.38669068 -0.5202397 -0.37232035 -0.44663265 -0.43586752 -0.13340722 0.29771405 0.3557252 0.07351796 0.40793434 0.21088615 0.012951062 0.1293596 0.3463901 0.038805313 0.009255671 -0.27255857 -0.5497381 -0.4672252 -0.4800579 -0.4604342 -0.57364976 -0.5767393 -0.5228508 -0.6836846 
NaN NaN NaN NaN NaN NaN NaN NaN NaN NaN NaN NaN NaN NaN NaN NaN NaN NaN -0.69186574 -0.6333616 -0.61859566 0.33784667 0.13220096 NaN NaN NaN NaN NaN -0.51638347 0.4072815 0.5910807 0.6146049 0.5548146 0.79432756 0.46039826 0.6277798 0.78545773 0.9006492 1.0 0.7537286 0.7545803 0.7164704 0.6955752 0.6701757 0.70661324 0.61531204 0.72326654 0.45228803 0.375927 0.3739899 0.49040985 0.4026249 0.46997505 0.45885974 0.22605322 0.5731978 -0.11387991 -0.45204934 -0.4040683 -0.28448245 -0.07582882 0.27595216 0.42040646 0.2836404 0.37537554 0.55133253 0.33809596 0.083159745 -0.09729706 -0.37783292 -0.5759573 -0.50969857 -0.46478206 -0.6148762 -0.44288355 -0.58753145 -0.6013991 -0.41610295 0.032795504 0.0986853 -0.22080974 0.20995463 0.31392953 0.19361788 0.275073 0.18253641 -0.23344482 -0.23694608 -0.48012352 -0.68091667 -0.61165714 -0.6273953 -0.6146139 -0.68532026 -0.68522877 -0.65540963 -0.765301 
NaN NaN NaN NaN NaN NaN NaN NaN NaN NaN NaN NaN NaN NaN NaN NaN NaN NaN -0.45584527 -0.41339743 -0.2803267 0.55689156 0.47973847 NaN NaN NaN NaN NaN -0.14535779 0.7040886 0.41622278 0.48626631 0.08118115 0.41858217 -0.024224468 0.11770389 0.35837683 0.4537196 0.7537286 1.0 0.98274076 0.9564025 0.92097706 0.8746733 0.8059711 0.32209495 0.6239118 0.6371031 0.5535265 0.57344234 0.5777523 0.4127706 0.5037225 0.284216 -0.18212213 0.3047373 -0.24334659 -0.54472095 -0.45613778 -0.39482927 -0.31256416 -0.07970285 0.4129624 0.51491857 0.5308676 0.27835798 -0.11583732 -0.36811727 -0.4495812 -0.6117799 -0.6243934 -0.5444839 -0.4501248 -0.5578593 -0.4124113 -0.6272842 -0.6621935 -0.6678845 -0.3786018 -0.33078876 -0.55582035 -0.12176136 0.38448238 0.43828723 0.4242718 -0.15442733 -0.5901953 -0.6002987 -0.6774878 -0.6573235 -0.64184815 -0.67180264 -0.66165364 -0.6321946 -0.6300754 -0.65431225 -0.6003083 
NaN NaN NaN NaN NaN NaN NaN NaN NaN NaN NaN NaN NaN NaN NaN NaN NaN NaN -0.41280898 -0.3606901 -0.24501663 0.5743538 0.4909045 NaN NaN NaN NaN NaN -0.09801103 0.693275 0.45506182 0.47840866 0.08272129 0.42083657 -0.022940751 0.11864122 0.36157405 0.46118125 0.7545803 0.98274076 1.0 0.9889803 0.96270704 0.91638404 0.81252396 0.3127092 0.6160014 0.63072646 0.5276616 0.551416 0.5277718 0.34641758 0.442407 0.21745943 -0.19278207 0.27218586 -0.2516136 -0.54707474 -0.47729123 -0.4229486 -0.33775377 -0.14096045 0.3252626 0.4350596 0.46245953 0.2489766 -0.12268062 -0.36069974 -0.43818793 -0.5922588 -0.60092324 -0.5253382 -0.43285036 -0.53700304 -0.39595503 -0.6047522 -0.64351356 -0.6706364 -0.40180874 -0.353447 -0.56637776 -0.16227712 0.34155494 0.38662204 0.37936097 -0.17948955 -0.5839245 -0.5808156 -0.65400696 -0.62653655 -0.61506003 -0.63434 -0.62678534 -0.5976946 -0.59502554 -0.6206783 -0.5591802 
NaN NaN NaN NaN NaN NaN NaN NaN NaN NaN NaN NaN NaN NaN NaN NaN NaN NaN -0.38810372 -0.34007603 -0.22748251 0.5592958 0.4782559 NaN NaN NaN NaN NaN -0.07533578 0.6834494 0.44508868 0.47142234 0.057316154 0.39584082 -0.045607645 0.08819901 0.33180064 0.4280719 0.7164704 0.9564025 0.9889803 1.0 0.9875147 0.9493575 0.8393918 0.3148843 0.6151841 0.63035244 0.5163518 0.5403981 0.501095 0.31326517 0.41621196 0.18248437 -0.21624088 0.2464112 -0.2621438 -0.54797477 -0.47600427 -0.42416698 -0.34463495 -0.1696698 0.2944125 0.40701866 0.4345504 0.21734332 -0.14987922 -0.37982365 -0.45192748 -0.59219885 -0.5862612 -0.5121113 -0.41626564 -0.5202912 -0.3844617 -0.5911921 -0.6318096 -0.6709204 -0.41094357 -0.3593099 -0.56787854 -0.17113711 0.34277102 0.38686877 0.38032287 -0.18028797 -0.5819237 -0.57920825 -0.6413772 -0.6076781 -0.5984798 -0.61705637 -0.60786873 -0.5750426 -0.5726938 -0.6006489 -0.5327029 
NaN NaN NaN NaN NaN NaN NaN NaN NaN NaN NaN NaN NaN NaN NaN NaN NaN NaN -0.40425998 -0.3623283 -0.2454035 0.55219454 0.46495843 NaN NaN NaN NaN NaN -0.092228316 0.6911471 0.44845802 0.4912093 0.06324993 0.40470812 -0.03910867 0.08726996 0.3209438 0.41767997 0.6955752 0.92097706 0.96270704 0.9875147 1.0 0.98193026 0.88683224 0.35167778 0.65478367 0.6621363 0.54563594 0.5686453 0.5191411 0.32313913 0.42644888 0.1771225 -0.215246 0.2589175 -0.25976956 -0.56513447 -0.48861352 -0.43664417 -0.3509607 -0.17814724 0.30188617 0.41527477 0.44656813 0.22455472 -0.15387993 -0.39301923 -0.46626922 -0.60715824 -0.6067782 -0.53193873 -0.43027544 -0.53814965 -0.3985632 -0.6083408 -0.64578825 -0.67051005 -0.39119583 -0.33465362 -0.555933 -0.13772053 0.38384634 0.42723483 0.41921955 -0.14864486 -0.57611173 -0.5788257 -0.64564955 -0.6232273 -0.6133155 -0.63431734 -0.6273551 -0.5962624 -0.5934933 -0.61986697 -0.5486188 
NaN NaN NaN NaN NaN NaN NaN NaN NaN NaN NaN NaN NaN NaN NaN NaN NaN NaN -0.4383711 -0.39927095 -0.2764362 0.5508901 0.4596791 NaN NaN NaN NaN NaN -0.120056614 0.71793777 0.45932057 0.5294077 0.06474918 0.41799828 -0.040275395 0.07654308 0.30551726 0.40396965 0.6701757 0.8746733 0.91638404 0.9493575 0.98193026 1.0 0.92585605 0.3851076 0.71561015 0.7290882 0.61760104 0.63248146 0.56584555 0.35409245 0.46054837 0.19040962 -0.21122798 0.2968233 -0.2592662 -0.5876306 -0.5103742 -0.45861992 -0.36536393 -0.17271644 0.3359295 0.4498939 0.48066154 0.24540149 -0.15643764 -0.41236445 -0.48515636 -0.6350603 -0.6352938 -0.55795074 -0.45472345 -0.5694131 -0.42018336 -0.638666 -0.6748189 -0.6823739 -0.36255822 -0.29944873 -0.5505769 -0.09193341 0.46623513 0.5108069 0.49845856 -0.102472894 -0.5820566 -0.5883779 -0.6650864 -0.65901923 -0.64609945 -0.6671158 -0.6590491 -0.63013816 -0.62740517 -0.65377396 -0.5821408 
NaN NaN NaN NaN NaN NaN NaN NaN NaN NaN NaN NaN NaN NaN NaN NaN NaN NaN -0.58923763 -0.578823 -0.4644915 0.38163793 0.26723984 NaN NaN NaN NaN NaN -0.33538786 0.62384963 0.44980487 0.60218835 0.2589397 0.52053297 0.16272645 0.27395734 0.4140059 0.49537784 0.70661324 0.8059711 0.81252396 0.8393918 0.88683224 0.92585605 1.0 0.6469899 0.8379402 0.6813506 0.58293355 0.5812321 0.59225124 0.4293129 0.50279546 0.33404413 -0.077114314 0.39446303 -0.14857283 -0.53098786 -0.4158125 -0.33005038 -0.19959345 0.044762008 0.48529482 0.48354122 0.52743757 0.3685358 -0.019556336 -0.3103213 -0.44259366 -0.610157 -0.67209345 -0.6078656 -0.4959823 -0.62560445 -0.46516663 -0.6732374 -0.6844564 -0.5737953 -0.2235259 -0.13190387 -0.38766542 0.10972566 0.506993 0.5146778 0.5128923 0.042110182 -0.46017322 -0.5383561 -0.66048187 -0.7245254 -0.6900233 -0.74042827 -0.72416025 -0.711247 -0.7131823 -0.7159505 -0.7035858 
NaN NaN NaN NaN NaN NaN NaN NaN NaN NaN NaN NaN NaN NaN NaN NaN NaN NaN -0.62955385 -0.6629895 -0.68964154 -0.20934318 -0.3511325 NaN NaN NaN NaN NaN -0.6676555 0.0074342135 0.3019488 0.47397608 0.7092125 0.5699375 0.6842515 0.762654 0.6690675 0.6688397 0.61531204 0.32209495 0.3127092 0.3148843 0.35167778 0.3851076 0.6469899 1.0 0.7558096 0.21809117 0.14862646 0.12535638 0.27945358 0.27810133 0.22159164 0.42004755 0.38276997 0.40929037 0.24252021 -0.08280182 0.0040534157 0.11476241 0.30560064 0.42471078 0.3096959 0.023374123 0.10868195 0.37161827 0.31150416 0.14639144 -0.09731245 -0.19364664 -0.39842483 -0.40453213 -0.3394981 -0.4380181 -0.33074424 -0.38648835 -0.33528805 0.010946654 0.2112123 0.33661896 0.25033256 0.4969926 0.2430688 0.10760657 0.16785778 0.35841724 0.13828889 -0.054858748 -0.2537083 -0.46784157 -0.3993865 -0.48636442 -0.46230832 -0.50717866 -0.52553916 -0.4577949 -0.615172 
NaN NaN NaN NaN NaN NaN NaN NaN NaN NaN NaN NaN NaN NaN NaN NaN NaN NaN -0.6932576 -0.6997723 -0.60469484 0.2661869 0.11779376 NaN NaN NaN NaN NaN -0.49663243 0.5162851 0.49010935 0.68438315 0.43431175 0.62928 0.35960674 0.45551175 0.54130197 0.60905623 0.72326654 0.6239118 0.6160014 0.6151841 0.65478367 0.71561015 0.8379402 0.7558096 1.0 0.7787651 0.7166619 0.69068503 0.7342794 0.56585085 0.57230175 0.4606377 0.11795298 0.5444267 -0.060360327 -0.47955012 -0.37019002 -0.2655936 -0.09008235 0.21452108 0.51734495 0.4020297 0.4654742 0.45790648 0.10882581 -0.19973709 -0.3882931 -0.5830753 -0.70585865 -0.64979637 -0.5378421 -0.6797581 -0.50347227 -0.70561147 -0.696537 -0.47935817 -0.026986606 0.094053626 -0.21025638 0.32526982 0.5853987 0.5277401 0.560488 0.2540906 -0.31938654 -0.42329362 -0.63090354 -0.7727264 -0.72836703 -0.77649796 -0.7655563 -0.7748476 -0.78250766 -0.7679747 -0.78174067 
NaN NaN NaN NaN NaN NaN NaN NaN NaN NaN NaN NaN NaN NaN NaN NaN NaN NaN -0.4260388 -0.41236392 -0.21894953 0.62604433 0.56072277 NaN NaN NaN NaN NaN -0.07498286 0.8085862 0.39132586 0.509311 -0.042943105 0.31262133 -0.14315385 -0.08449034 0.111569 0.21080917 0.45228803 0.6371031 0.63072646 0.63035244 0.6621363 0.7290882 0.6813506 0.21809117 0.7787651 1.0 0.97755545 0.9675904 0.8543995 0.57537067 0.5956815 0.24099247 -0.20218363 0.34063628 -0.24396652 -0.57429725 -0.48569298 -0.45076802 -0.38264364 -0.12918805 0.45204496 0.6165317 0.61778903 0.27954718 -0.18687195 -0.47512567 -0.5446495 -0.69344646 -0.6748231 -0.59878397 -0.4812737 -0.592282 -0.44789168 -0.68471646 -0.7098466 -0.7052727 -0.34553838 -0.26823044 -0.55215794 -0.031178353 0.6284288 0.72801274 0.6938736 -0.030437594 -0.6241411 -0.64821225 -0.72435874 -0.6991232 -0.69433737 -0.71891755 -0.7205265 -0.66362435 -0.66496634 -0.7005915 -0.5752725 
NaN NaN NaN NaN NaN NaN NaN NaN NaN NaN NaN NaN NaN NaN NaN NaN NaN NaN -0.43681613 -0.4237064 -0.22869737 0.60387063 0.54132247 NaN NaN NaN NaN NaN -0.0996627 0.7812993 0.35140613 0.47524425 -0.056659147 0.25448287 -0.15382332 -0.12833425 0.040713247 0.1484736 0.375927 0.5535265 0.5276616 0.5163518 0.54563594 0.61760104 0.58293355 0.14862646 0.7166619 0.97755545 1.0 0.98805654 0.8997704 0.6448182 0.63570654 0.28570017 -0.15958014 0.35905993 -0.22013627 -0.52670354 -0.43624687 -0.40848818 -0.34912494 -0.07077433 0.48213696 0.6469431 0.6391106 0.2910169 -0.1607578 -0.43870464 -0.5074373 -0.6537976 -0.64076227 -0.56734943 -0.45895538 -0.56806123 -0.42771703 -0.64789015 -0.6710529 -0.6498446 -0.30066174 -0.22500384 -0.4995135 0.0113615 0.6552211 0.7601916 0.7233447 0.015243933 -0.57575727 -0.6132897 -0.69016606 -0.6767912 -0.6665549 -0.69679177 -0.69754744 -0.6450259 -0.6474969 -0.6771373 -0.5716489 
NaN NaN NaN NaN NaN NaN NaN NaN NaN NaN NaN NaN NaN NaN NaN NaN NaN NaN -0.41501674 -0.40764076 -0.20377755 0.6085505 0.5555424 NaN NaN NaN NaN NaN -0.07385205 0.79483795 0.33858353 0.47773662 -0.079596706 0.24700004 -0.17328395 -0.14391106 0.049672768 0.1456531 0.3739899 0.57344234 0.551416 0.5403981 0.5686453 0.63248146 0.5812321 0.12535638 0.69068503 0.9675904 0.98805654 1.0 0.91608375 0.6592196 0.6524771 0.27650458 -0.16427848 0.36116293 -0.22064324 -0.5336078 -0.4507529 -0.42863804 -0.37427673 -0.11113201 0.44980517 0.62622046 0.6179292 0.255427 -0.19893277 -0.47240257 -0.53671163 -0.6767707 -0.65265787 -0.5801441 -0.46836317 -0.5696944 -0.42665392 -0.65486383 -0.6779333 -0.6624385 -0.30709624 -0.2332199 -0.5070893 0.0029031658 0.6624224 0.7650639 0.7271348 0.00897846 -0.5849001 -0.6227604 -0.6998978 -0.6763309 -0.67129207 -0.69798446 -0.7008578 -0.6424463 -0.64443874 -0.6779691 -0.5559737 
NaN NaN NaN NaN NaN NaN NaN NaN NaN NaN NaN NaN NaN NaN NaN NaN NaN NaN -0.61191046 -0.6238861 -0.44503188 0.4484844 0.34726265 NaN NaN NaN NaN NaN -0.3343159 0.6984136 0.38851056 0.6100965 0.14652868 0.39797136 0.06808969 0.07767309 0.21521986 0.31652194 0.49040985 0.5777523 0.5277718 0.501095 0.5191411 0.56584555 0.59225124 0.27945358 0.7342794 0.8543995 0.8997704 0.91608375 1.0 0.88137954 0.85085577 0.5822648 0.106134 0.60302204 -0.07707075 -0.45892566 -0.3806286 -0.34305045 -0.24605688 0.15303645 0.5901817 0.62308824 0.6429596 0.4191727 -0.011376947 -0.32980064 -0.46750432 -0.6564795 -0.714346 -0.6498997 -0.53132796 -0.6619139 -0.4947531 -0.7214264 -0.72784 -0.5651036 -0.1259771 -0.02669048 -0.33680502 0.23474738 0.71355253 0.7334969 0.738297 0.2045797 -0.45054063 -0.5688832 -0.71401197 -0.7781296 -0.75109935 -0.798237 -0.79078996 -0.762494 -0.77299285 -0.7790576 -0.72597706 
NaN NaN NaN NaN NaN NaN NaN NaN NaN NaN NaN NaN NaN NaN NaN NaN NaN NaN -0.6509393 -0.6934417 -0.5531902 0.19314757 0.088739686 NaN NaN NaN NaN NaN -0.48909575 0.47855726 0.30419075 0.583482 0.2786012 0.37512708 0.2442138 0.19353953 0.24396682 0.32486054 0.4026249 0.4127706 0.34641758 0.31326517 0.32313913 0.35409245 0.4293129 0.27810133 0.56585085 0.57537067 0.6448182 0.6592196 0.88137954 1.0 0.94418013 0.84504807 0.396689 0.7383271 0.10086021 -0.25286153 -0.22162083 -0.2040889 -0.09936144 0.37593424 0.61404127 0.5409669 0.57081574 0.46752042 0.14970647 -0.14180957 -0.3330627 -0.51193476 -0.639768 -0.6124991 -0.5087656 -0.63157105 -0.4767871 -0.6505728 -0.63454205 -0.33956867 0.06600445 0.17463829 -0.08154588 0.418994 0.660404 0.63140506 0.66171885 0.36874205 -0.22109216 -0.43452352 -0.60379213 -0.72078687 -0.686388 -0.74993277 -0.73044235 -0.7275131 -0.7460514 -0.7238001 -0.71881545 
NaN NaN NaN NaN NaN NaN NaN NaN NaN NaN NaN NaN NaN NaN NaN NaN NaN NaN -0.6403086 -0.6764885 -0.5302644 0.24027354 0.13285956 NaN NaN NaN NaN NaN -0.45466688 0.54275346 0.3628728 0.6806816 0.2076845 0.48945057 0.18704459 0.16781005 0.28996733 0.36418614 0.46997505 0.5037225 0.442407 0.41621196 0.42644888 0.46054837 0.50279546 0.22159164 0.57230175 0.5956815 0.63570654 0.6524771 0.85085577 0.94418013 1.0 0.81183904 0.27551374 0.79950386 -0.070228525 -0.43311304 -0.38873225 -0.35355118 -0.24489146 0.30797422 0.6673235 0.58730936 0.61571187 0.49449128 0.12608224 -0.20032313 -0.3369109 -0.5864461 -0.696762 -0.63502747 -0.5363064 -0.6670515 -0.4929095 -0.7126368 -0.7184211 -0.47852826 0.10197092 0.18464994 -0.2248865 0.38400108 0.7358567 0.67862403 0.7180271 0.37005597 -0.332623 -0.4494554 -0.64828616 -0.7755242 -0.75006723 -0.76714903 -0.7583635 -0.7689988 -0.7742911 -0.7754568 -0.7289612 
NaN NaN NaN NaN NaN NaN NaN NaN NaN NaN NaN NaN NaN NaN NaN NaN NaN NaN -0.73002386 -0.759833 -0.71933424 -0.04751842 -0.19419841 NaN NaN NaN NaN NaN -0.69154924 0.20773937 0.3436702 0.5969706 0.5477117 0.47733894 0.5158031 0.45752844 0.41200557 0.4878586 0.45885974 0.284216 0.21745943 0.18248437 0.1771225 0.19040962 0.33404413 0.42004755 0.4606377 0.24099247 0.28570017 0.27650458 0.5822648 0.84504807 0.81183904 1.0 0.6976969 0.8500157 0.2960216 -0.02194141 -0.06780134 -0.06554428 0.06212279 0.61007136 0.5840284 0.3516245 0.41083527 0.54714435 0.4168601 0.18385386 -0.050774142 -0.24696444 -0.48506945 -0.48520944 -0.42795423 -0.55439115 -0.40888998 -0.49972242 -0.4670457 -0.06708769 0.30556327 0.4114163 0.18121353 0.57253855 0.47166726 0.3461495 0.41284457 0.48611492 0.057005327 -0.17469473 -0.38912255 -0.61143833 -0.5464101 -0.61446923 -0.5886698 -0.6446499 -0.6641038 -0.60322917 -0.72850555 
NaN NaN NaN NaN NaN NaN NaN NaN NaN NaN NaN NaN NaN NaN NaN NaN NaN NaN -0.526435 -0.53361595 -0.63491076 -0.33003184 -0.47643393 NaN NaN NaN NaN NaN -0.66804343 -0.25008535 0.20914282 0.2574319 0.6977602 0.29416573 0.7125984 0.5899789 0.37115893 0.4305677 0.22605322 -0.18212213 -0.19278207 -0.21624088 -0.215246 -0.21122798 -0.077114314 0.38276997 0.11795298 -0.20218363 -0.15958014 -0.16427848 0.106134 0.396689 0.27551374 0.6976969 1.0 0.58834016 0.7150015 0.5190316 0.3381881 0.25151443 0.35455137 0.5405118 0.07845922 -0.18596572 -0.106713206 0.30512556 0.5328067 0.53764665 0.30086103 0.25910532 -0.033408422 -0.10815163 -0.12561594 -0.19874501 -0.14146976 -0.009952827 0.05250467 0.47064048 0.47026035 0.55661595 0.59972334 0.588562 0.04522765 -0.13504818 -0.048776213 0.4938765 0.5409826 0.30650684 0.14797457 -0.13158676 -0.04068295 -0.13478227 -0.11987641 -0.20739843 -0.23817758 -0.11359255 -0.41240245 
NaN NaN NaN NaN NaN NaN NaN NaN NaN NaN NaN NaN NaN NaN NaN NaN NaN NaN -0.77848667 -0.7784461 -0.75036496 0.081370756 -0.11075604 NaN NaN NaN NaN NaN -0.68828505 0.29191238 0.51225436 0.7726227 0.54795736 0.68206227 0.5397814 0.48200867 0.5315055 0.62766 0.5731978 0.3047373 0.27218586 0.2464112 0.2589175 0.2968233 0.39446303 0.40929037 0.5444267 0.34063628 0.35905993 0.36116293 0.60302204 0.7383271 0.79950386 0.8500157 0.58834016 1.0 0.14721598 -0.24477737 -0.29947445 -0.2628525 -0.09448736 0.55875677 0.617545 0.36023742 0.43840674 0.6498459 0.48423138 0.19975178 0.0029703095 -0.2997528 -0.5592691 -0.52145404 -0.48114312 -0.63068604 -0.4539561 -0.5789309 -0.5707598 -0.19177602 0.42976058 0.5138782 0.075600185 0.62058645 0.60378003 0.3967261 0.49271062 0.5696299 -0.0014155131 -0.109610565 -0.4051624 -0.69775784 -0.63166904 -0.634088 -0.63131034 -0.7244968 -0.7321733 -0.68312156 -0.79412067 
NaN NaN NaN NaN NaN NaN NaN NaN NaN NaN NaN NaN NaN NaN NaN NaN NaN NaN -0.17511265 -0.20893635 -0.2735916 -0.34287414 -0.37225428 NaN NaN NaN NaN NaN -0.33134848 -0.30411237 -0.1575838 -0.12565582 0.309063 -0.12665859 0.3669674 0.23057593 0.007512158 0.022160783 -0.11387991 -0.24334659 -0.2516136 -0.2621438 -0.25976956 -0.2592662 -0.14857283 0.24252021 -0.060360327 -0.24396652 -0.22013627 -0.22064324 -0.07707075 0.10086021 -0.070228525 0.2960216 0.7150015 0.14721598 1.0 0.80381924 0.5992332 0.42336157 0.3711613 0.12644953 -0.164305 -0.24435285 -0.21878049 -0.056073945 0.12969624 0.22783172 0.08527062 0.25306156 0.16458538 0.06342708 0.07723519 0.075627826 0.036268383 0.2012852 0.2847544 0.52154005 0.116686255 0.17710802 0.5144899 0.29246786 -0.15957671 -0.19813934 -0.18391919 0.15123495 0.4393315 0.18354292 0.2191502 0.14560474 0.19092514 0.06602 0.08000658 0.09155698 0.046442777 0.13592343 -0.06644302 
