NaN NaN NaN NaN NaN NaN NaN NaN NaN NaN NaN NaN NaN NaN NaN NaN NaN NaN NaN NaN NaN NaN NaN NaN NaN NaN NaN NaN NaN NaN NaN NaN NaN NaN NaN NaN NaN NaN NaN NaN NaN NaN NaN NaN NaN NaN NaN NaN NaN NaN NaN NaN NaN NaN NaN NaN NaN NaN NaN NaN NaN NaN NaN NaN NaN NaN NaN NaN NaN NaN NaN NaN NaN NaN NaN NaN NaN NaN NaN NaN NaN NaN NaN NaN NaN NaN NaN NaN NaN NaN NaN NaN NaN NaN NaN NaN NaN NaN NaN NaN NaN NaN NaN 
NaN NaN NaN NaN NaN NaN NaN NaN NaN NaN NaN NaN NaN NaN NaN NaN NaN NaN NaN NaN NaN NaN NaN NaN NaN NaN NaN NaN NaN NaN NaN NaN NaN NaN NaN NaN NaN NaN NaN NaN NaN NaN NaN NaN NaN NaN NaN NaN NaN NaN NaN NaN NaN NaN NaN NaN NaN NaN NaN NaN NaN NaN NaN NaN NaN NaN NaN NaN NaN NaN NaN NaN NaN NaN NaN NaN NaN NaN NaN NaN NaN NaN NaN NaN NaN NaN NaN NaN NaN NaN NaN NaN NaN NaN NaN NaN NaN NaN NaN NaN NaN NaN NaN 
NaN NaN NaN NaN NaN NaN NaN NaN NaN NaN NaN NaN NaN NaN NaN NaN NaN NaN NaN NaN NaN NaN NaN NaN NaN NaN NaN NaN NaN NaN NaN NaN NaN NaN NaN NaN NaN NaN NaN NaN NaN NaN NaN NaN NaN NaN NaN NaN NaN NaN NaN NaN NaN NaN NaN NaN NaN NaN NaN NaN NaN NaN NaN NaN NaN NaN NaN NaN NaN NaN NaN NaN NaN NaN NaN NaN NaN NaN NaN NaN NaN NaN NaN NaN NaN NaN NaN NaN NaN NaN NaN NaN NaN NaN NaN NaN NaN NaN NaN NaN NaN NaN NaN 
NaN NaN NaN NaN NaN NaN NaN NaN NaN NaN NaN NaN NaN NaN NaN NaN NaN NaN NaN NaN NaN NaN NaN NaN NaN NaN NaN NaN NaN NaN NaN NaN NaN NaN NaN NaN NaN NaN NaN NaN NaN NaN NaN NaN NaN NaN NaN NaN NaN NaN NaN NaN NaN NaN NaN NaN NaN NaN NaN NaN NaN NaN NaN NaN NaN NaN NaN NaN NaN NaN NaN NaN NaN NaN NaN NaN NaN NaN NaN NaN NaN NaN NaN NaN NaN NaN NaN NaN NaN NaN NaN NaN NaN NaN NaN NaN NaN NaN NaN NaN NaN NaN NaN 
NaN NaN NaN NaN NaN NaN NaN NaN NaN NaN NaN NaN NaN NaN NaN NaN NaN NaN NaN NaN NaN NaN NaN NaN NaN NaN NaN NaN NaN NaN NaN NaN NaN NaN NaN NaN NaN NaN NaN NaN NaN NaN NaN NaN NaN NaN NaN NaN NaN NaN NaN NaN NaN NaN NaN NaN NaN NaN NaN NaN NaN NaN NaN NaN NaN NaN NaN NaN NaN NaN NaN NaN NaN NaN NaN NaN NaN NaN NaN NaN NaN NaN NaN NaN NaN NaN NaN NaN NaN NaN NaN NaN NaN NaN NaN NaN NaN NaN NaN NaN NaN NaN NaN 
NaN NaN NaN NaN NaN NaN NaN NaN NaN NaN NaN NaN NaN NaN NaN NaN NaN NaN NaN NaN NaN NaN NaN NaN NaN NaN NaN NaN NaN NaN NaN NaN NaN NaN NaN NaN NaN NaN NaN NaN NaN NaN NaN NaN NaN NaN NaN NaN NaN NaN NaN NaN NaN NaN NaN NaN NaN NaN NaN NaN NaN NaN NaN NaN NaN NaN NaN NaN NaN NaN NaN NaN NaN NaN NaN NaN NaN NaN NaN NaN NaN NaN NaN NaN NaN NaN NaN NaN NaN NaN NaN NaN NaN NaN NaN NaN NaN NaN NaN NaN NaN NaN NaN 
NaN NaN NaN NaN NaN NaN NaN NaN NaN NaN NaN NaN NaN NaN NaN NaN NaN NaN NaN NaN NaN NaN NaN NaN NaN NaN NaN NaN NaN NaN NaN NaN NaN NaN NaN NaN NaN NaN NaN NaN NaN NaN NaN NaN NaN NaN NaN NaN NaN NaN NaN NaN NaN NaN NaN NaN NaN NaN NaN NaN NaN NaN NaN NaN NaN NaN NaN NaN NaN NaN NaN NaN NaN NaN NaN NaN NaN NaN NaN NaN NaN NaN NaN NaN NaN NaN NaN NaN NaN NaN NaN NaN NaN NaN NaN NaN NaN NaN NaN NaN NaN NaN NaN 
NaN NaN NaN NaN NaN NaN NaN NaN NaN NaN NaN NaN NaN NaN NaN NaN NaN NaN NaN NaN NaN NaN NaN NaN NaN NaN NaN NaN NaN NaN NaN NaN NaN NaN NaN NaN NaN NaN NaN NaN NaN NaN NaN NaN NaN NaN NaN NaN NaN NaN NaN NaN NaN NaN NaN NaN NaN NaN NaN NaN NaN NaN NaN NaN NaN NaN NaN NaN NaN NaN NaN NaN NaN NaN NaN NaN NaN NaN NaN NaN NaN NaN NaN NaN NaN NaN NaN NaN NaN NaN NaN NaN NaN NaN NaN NaN NaN NaN NaN NaN NaN NaN NaN 
NaN NaN NaN NaN NaN NaN NaN NaN NaN NaN NaN NaN NaN NaN NaN NaN NaN NaN NaN NaN NaN NaN NaN NaN NaN NaN NaN NaN NaN NaN NaN NaN NaN NaN NaN NaN NaN NaN NaN NaN NaN NaN NaN NaN NaN NaN NaN NaN NaN NaN NaN NaN NaN NaN NaN NaN NaN NaN NaN NaN NaN NaN NaN NaN NaN NaN NaN NaN NaN NaN NaN NaN NaN NaN NaN NaN NaN NaN NaN NaN NaN NaN NaN NaN NaN NaN NaN NaN NaN NaN NaN NaN NaN NaN NaN NaN NaN NaN NaN NaN NaN NaN NaN 
NaN NaN NaN NaN NaN NaN NaN NaN NaN NaN NaN NaN NaN NaN NaN NaN NaN NaN NaN NaN NaN NaN NaN NaN NaN NaN NaN NaN NaN NaN NaN NaN NaN NaN NaN NaN NaN NaN NaN NaN NaN NaN NaN NaN NaN NaN NaN NaN NaN NaN NaN NaN NaN NaN NaN NaN NaN NaN NaN NaN NaN NaN NaN NaN NaN NaN NaN NaN NaN NaN NaN NaN NaN NaN NaN NaN NaN NaN NaN NaN NaN NaN NaN NaN NaN NaN NaN NaN NaN NaN NaN NaN NaN NaN NaN NaN NaN NaN NaN NaN NaN NaN NaN 
NaN NaN NaN NaN NaN NaN NaN NaN NaN NaN NaN NaN NaN NaN NaN NaN NaN NaN NaN NaN NaN NaN NaN NaN NaN NaN NaN NaN NaN NaN NaN NaN NaN NaN NaN NaN NaN NaN NaN NaN NaN NaN NaN NaN NaN NaN NaN NaN NaN NaN NaN NaN NaN NaN NaN NaN NaN NaN NaN NaN NaN NaN NaN NaN NaN NaN NaN NaN NaN NaN NaN NaN NaN NaN NaN NaN NaN NaN NaN NaN NaN NaN NaN NaN NaN NaN NaN NaN NaN NaN NaN NaN NaN NaN NaN NaN NaN NaN NaN NaN NaN NaN NaN 
NaN NaN NaN NaN NaN NaN NaN NaN NaN NaN NaN NaN NaN NaN NaN NaN NaN NaN NaN NaN NaN NaN NaN NaN NaN NaN NaN NaN NaN NaN NaN NaN NaN NaN NaN NaN NaN NaN NaN NaN NaN NaN NaN NaN NaN NaN NaN NaN NaN NaN NaN NaN NaN NaN NaN NaN NaN NaN NaN NaN NaN NaN NaN NaN NaN NaN NaN NaN NaN NaN NaN NaN NaN NaN NaN NaN NaN NaN NaN NaN NaN NaN NaN NaN NaN NaN NaN NaN NaN NaN NaN NaN NaN NaN NaN NaN NaN NaN NaN NaN NaN NaN NaN 
NaN NaN NaN NaN NaN NaN NaN NaN NaN NaN NaN NaN NaN NaN NaN NaN NaN NaN NaN NaN NaN NaN NaN NaN NaN NaN NaN NaN NaN NaN NaN NaN NaN NaN NaN NaN NaN NaN NaN NaN NaN NaN NaN NaN NaN NaN NaN NaN NaN NaN NaN NaN NaN NaN NaN NaN NaN NaN NaN NaN NaN NaN NaN NaN NaN NaN NaN NaN NaN NaN NaN NaN NaN NaN NaN NaN NaN NaN NaN NaN NaN NaN NaN NaN NaN NaN NaN NaN NaN NaN NaN NaN NaN NaN NaN NaN NaN NaN NaN NaN NaN NaN NaN 
NaN NaN NaN NaN NaN NaN NaN NaN NaN NaN NaN NaN NaN NaN NaN NaN NaN NaN NaN NaN NaN NaN NaN NaN NaN NaN NaN NaN NaN NaN NaN NaN NaN NaN NaN NaN NaN NaN NaN NaN NaN NaN NaN NaN NaN NaN NaN NaN NaN NaN NaN NaN NaN NaN NaN NaN NaN NaN NaN NaN NaN NaN NaN NaN NaN NaN NaN NaN NaN NaN NaN NaN NaN NaN NaN NaN NaN NaN NaN NaN NaN NaN NaN NaN NaN NaN NaN NaN NaN NaN NaN NaN NaN NaN NaN NaN NaN NaN NaN NaN NaN NaN NaN 
NaN NaN NaN NaN NaN NaN NaN NaN NaN NaN NaN NaN NaN NaN NaN NaN NaN NaN NaN NaN NaN NaN NaN NaN NaN NaN NaN NaN NaN NaN NaN NaN NaN NaN NaN NaN NaN NaN NaN NaN NaN NaN NaN NaN NaN NaN NaN NaN NaN NaN NaN NaN NaN NaN NaN NaN NaN NaN NaN NaN NaN NaN NaN NaN NaN NaN NaN NaN NaN NaN NaN NaN NaN NaN NaN NaN NaN NaN NaN NaN NaN NaN NaN NaN NaN NaN NaN NaN NaN NaN NaN NaN NaN NaN NaN NaN NaN NaN NaN NaN NaN NaN NaN 
NaN NaN NaN NaN NaN NaN NaN NaN NaN NaN NaN NaN NaN NaN NaN NaN NaN NaN NaN NaN NaN NaN NaN NaN NaN NaN NaN NaN NaN NaN NaN NaN NaN NaN NaN NaN NaN NaN NaN NaN NaN NaN NaN NaN NaN NaN NaN NaN NaN NaN NaN NaN NaN NaN NaN NaN NaN NaN NaN NaN NaN NaN NaN NaN NaN NaN NaN NaN NaN NaN NaN NaN NaN NaN NaN NaN NaN NaN NaN NaN NaN NaN NaN NaN NaN NaN NaN NaN NaN NaN NaN NaN NaN NaN NaN NaN NaN NaN NaN NaN NaN NaN NaN 
NaN NaN NaN NaN NaN NaN NaN NaN NaN NaN NaN NaN NaN NaN NaN NaN NaN NaN NaN NaN NaN NaN NaN NaN NaN NaN NaN NaN NaN NaN NaN NaN NaN NaN NaN NaN NaN NaN NaN NaN NaN NaN NaN NaN NaN NaN NaN NaN NaN NaN NaN NaN NaN NaN NaN NaN NaN NaN NaN NaN NaN NaN NaN NaN NaN NaN NaN NaN NaN NaN NaN NaN NaN NaN NaN NaN NaN NaN NaN NaN NaN NaN NaN NaN NaN NaN NaN NaN NaN NaN NaN NaN NaN NaN NaN NaN NaN NaN NaN NaN NaN NaN NaN 
NaN NaN NaN NaN NaN NaN NaN NaN NaN NaN NaN NaN NaN NaN NaN NaN NaN NaN NaN NaN NaN NaN NaN NaN NaN NaN NaN NaN NaN NaN NaN NaN NaN NaN NaN NaN NaN NaN NaN NaN NaN NaN NaN NaN NaN NaN NaN NaN NaN NaN NaN NaN NaN NaN NaN NaN NaN NaN NaN NaN NaN NaN NaN NaN NaN NaN NaN NaN NaN NaN NaN NaN NaN NaN NaN NaN NaN NaN NaN NaN NaN NaN NaN NaN NaN NaN NaN NaN NaN NaN NaN NaN NaN NaN NaN NaN NaN NaN NaN NaN NaN NaN NaN 
NaN NaN NaN NaN NaN NaN NaN NaN NaN NaN NaN NaN NaN NaN NaN NaN NaN NaN NaN NaN NaN NaN NaN NaN NaN NaN NaN NaN NaN NaN NaN NaN NaN NaN NaN NaN NaN NaN NaN NaN NaN NaN NaN NaN NaN NaN NaN NaN NaN NaN NaN NaN NaN NaN NaN NaN NaN NaN NaN NaN NaN NaN NaN NaN NaN NaN NaN NaN NaN NaN NaN NaN NaN NaN NaN NaN NaN NaN NaN NaN NaN NaN NaN NaN NaN NaN NaN NaN NaN NaN NaN NaN NaN NaN NaN NaN NaN NaN NaN NaN NaN NaN NaN 
NaN NaN NaN NaN NaN NaN NaN NaN NaN NaN NaN NaN NaN NaN NaN NaN NaN NaN NaN NaN NaN NaN NaN NaN NaN NaN NaN NaN NaN NaN NaN NaN NaN NaN NaN NaN NaN NaN NaN NaN NaN NaN NaN NaN NaN NaN NaN NaN NaN NaN NaN NaN NaN NaN NaN NaN NaN NaN NaN NaN NaN NaN NaN NaN NaN NaN NaN NaN NaN NaN NaN NaN NaN NaN NaN NaN NaN NaN NaN NaN NaN NaN NaN NaN NaN NaN NaN NaN NaN NaN NaN NaN NaN NaN NaN NaN NaN NaN NaN NaN NaN NaN NaN 
NaN NaN NaN NaN NaN NaN NaN NaN NaN NaN NaN NaN NaN NaN NaN NaN NaN NaN NaN NaN NaN NaN NaN NaN NaN NaN NaN NaN NaN NaN NaN NaN NaN NaN NaN NaN NaN NaN NaN NaN NaN NaN NaN NaN NaN NaN NaN NaN NaN NaN NaN NaN NaN NaN NaN NaN NaN NaN NaN NaN NaN NaN NaN NaN NaN NaN NaN NaN NaN NaN NaN NaN NaN NaN NaN NaN NaN NaN NaN NaN NaN NaN NaN NaN NaN NaN NaN NaN NaN NaN NaN NaN NaN NaN NaN NaN NaN NaN NaN NaN NaN NaN NaN 
NaN NaN NaN NaN NaN NaN NaN NaN NaN NaN NaN NaN NaN NaN NaN NaN NaN NaN NaN NaN NaN NaN NaN NaN NaN NaN NaN NaN NaN NaN NaN NaN NaN NaN NaN NaN NaN NaN NaN NaN NaN NaN NaN NaN NaN NaN NaN NaN NaN NaN NaN NaN NaN NaN NaN NaN NaN NaN NaN NaN NaN NaN NaN NaN NaN NaN NaN NaN NaN NaN NaN NaN NaN NaN NaN NaN NaN NaN NaN NaN NaN NaN NaN NaN NaN NaN NaN NaN NaN NaN NaN NaN NaN NaN NaN NaN NaN NaN NaN NaN NaN NaN NaN 
NaN NaN NaN NaN NaN NaN NaN NaN NaN NaN NaN NaN NaN NaN NaN NaN NaN NaN NaN NaN NaN NaN NaN NaN NaN NaN NaN NaN NaN NaN NaN NaN NaN NaN NaN NaN NaN NaN NaN NaN NaN NaN NaN NaN NaN NaN NaN NaN NaN NaN NaN NaN NaN NaN NaN NaN NaN NaN NaN NaN NaN NaN NaN NaN NaN NaN NaN NaN NaN NaN NaN NaN NaN NaN NaN NaN NaN NaN NaN NaN NaN NaN NaN NaN NaN NaN NaN NaN NaN NaN NaN NaN NaN NaN NaN NaN NaN NaN NaN NaN NaN NaN NaN 
NaN NaN NaN NaN NaN NaN NaN NaN NaN NaN NaN NaN NaN NaN NaN NaN NaN NaN NaN NaN NaN NaN NaN NaN NaN NaN NaN NaN NaN NaN NaN NaN NaN NaN NaN NaN NaN NaN NaN NaN NaN NaN NaN NaN NaN NaN NaN NaN NaN NaN NaN NaN NaN NaN NaN NaN NaN NaN NaN NaN NaN NaN NaN NaN NaN NaN NaN NaN NaN NaN NaN NaN NaN NaN NaN NaN NaN NaN NaN NaN NaN NaN NaN NaN NaN NaN NaN NaN NaN NaN NaN NaN NaN NaN NaN NaN NaN NaN NaN NaN NaN NaN NaN 
NaN NaN NaN NaN NaN NaN NaN NaN NaN NaN NaN NaN NaN NaN NaN NaN NaN NaN NaN NaN NaN NaN NaN NaN NaN NaN NaN NaN NaN NaN NaN NaN NaN NaN NaN NaN NaN NaN NaN NaN NaN NaN NaN NaN NaN NaN NaN NaN NaN NaN NaN NaN NaN NaN NaN NaN NaN NaN NaN NaN NaN NaN NaN NaN NaN NaN NaN NaN NaN NaN NaN NaN NaN NaN NaN NaN NaN NaN NaN NaN NaN NaN NaN NaN NaN NaN NaN NaN NaN NaN NaN NaN NaN NaN NaN NaN NaN NaN NaN NaN NaN NaN NaN 
NaN NaN NaN NaN NaN NaN NaN NaN NaN NaN NaN NaN NaN NaN NaN NaN NaN NaN NaN NaN NaN NaN NaN NaN NaN NaN NaN NaN NaN NaN NaN NaN NaN NaN NaN NaN NaN NaN NaN NaN NaN NaN NaN NaN NaN NaN NaN NaN NaN NaN NaN NaN NaN NaN NaN NaN NaN NaN NaN NaN NaN NaN NaN NaN NaN NaN NaN NaN NaN NaN NaN NaN NaN NaN NaN NaN NaN NaN NaN NaN NaN NaN NaN NaN NaN NaN NaN NaN NaN NaN NaN NaN NaN NaN NaN NaN NaN NaN NaN NaN NaN NaN NaN 
NaN NaN NaN NaN NaN NaN NaN NaN NaN NaN NaN NaN NaN NaN NaN NaN NaN NaN NaN NaN NaN NaN NaN NaN NaN NaN NaN NaN NaN NaN NaN NaN NaN NaN NaN NaN NaN NaN NaN NaN NaN NaN NaN NaN NaN NaN NaN NaN NaN NaN NaN NaN NaN NaN NaN NaN NaN NaN NaN NaN NaN NaN NaN NaN NaN NaN NaN NaN NaN NaN NaN NaN NaN NaN NaN NaN NaN NaN NaN NaN NaN NaN NaN NaN NaN NaN NaN NaN NaN NaN NaN NaN NaN NaN NaN NaN NaN NaN NaN NaN NaN NaN NaN 
NaN NaN NaN NaN NaN NaN NaN NaN NaN NaN NaN NaN NaN NaN NaN NaN NaN NaN NaN NaN NaN NaN NaN NaN NaN NaN NaN NaN NaN NaN NaN NaN NaN NaN NaN NaN NaN NaN NaN NaN NaN NaN NaN NaN NaN NaN NaN NaN NaN NaN NaN NaN NaN NaN NaN NaN NaN NaN NaN NaN NaN NaN NaN NaN NaN NaN NaN NaN NaN NaN NaN NaN NaN NaN NaN NaN NaN NaN NaN NaN NaN NaN NaN NaN NaN NaN NaN NaN NaN NaN NaN NaN NaN NaN NaN NaN NaN NaN NaN NaN NaN NaN NaN 
NaN NaN NaN NaN NaN NaN NaN NaN NaN NaN NaN NaN NaN NaN NaN NaN NaN NaN NaN NaN NaN NaN NaN NaN NaN NaN NaN NaN NaN NaN NaN NaN NaN NaN NaN NaN NaN NaN NaN NaN NaN NaN NaN NaN NaN NaN NaN NaN NaN NaN NaN NaN NaN NaN NaN NaN NaN NaN NaN NaN NaN NaN NaN NaN NaN NaN NaN NaN NaN NaN NaN NaN NaN NaN NaN NaN NaN NaN NaN NaN NaN NaN NaN NaN NaN NaN NaN NaN NaN NaN NaN NaN NaN NaN NaN NaN NaN NaN NaN NaN NaN NaN NaN 
NaN NaN NaN NaN NaN NaN NaN NaN NaN NaN NaN NaN NaN NaN NaN NaN NaN NaN NaN NaN NaN NaN NaN NaN NaN NaN NaN NaN NaN NaN NaN NaN NaN NaN NaN NaN NaN NaN NaN NaN NaN NaN NaN NaN NaN NaN NaN NaN NaN NaN NaN NaN NaN NaN NaN NaN NaN NaN NaN NaN NaN NaN NaN NaN NaN NaN NaN NaN NaN NaN NaN NaN NaN NaN NaN NaN NaN NaN NaN NaN NaN NaN NaN NaN NaN NaN NaN NaN NaN NaN NaN NaN NaN NaN NaN NaN NaN NaN NaN NaN NaN NaN NaN 
NaN NaN NaN NaN NaN NaN NaN NaN NaN NaN NaN NaN NaN NaN NaN NaN NaN NaN NaN NaN NaN NaN NaN NaN NaN NaN NaN NaN NaN NaN NaN NaN NaN NaN NaN NaN NaN NaN NaN NaN NaN NaN NaN NaN NaN NaN NaN NaN NaN NaN NaN NaN NaN NaN NaN NaN NaN NaN NaN NaN NaN NaN NaN NaN NaN NaN NaN NaN NaN NaN NaN NaN NaN NaN NaN NaN NaN NaN NaN NaN NaN NaN NaN NaN NaN NaN NaN NaN NaN NaN NaN NaN NaN NaN NaN NaN NaN NaN NaN NaN NaN NaN NaN 
NaN NaN NaN NaN NaN NaN NaN NaN NaN NaN NaN NaN NaN NaN NaN NaN NaN NaN NaN NaN NaN NaN NaN NaN NaN NaN NaN NaN NaN NaN NaN NaN NaN NaN NaN NaN NaN NaN NaN NaN NaN NaN NaN NaN NaN NaN NaN NaN NaN NaN NaN NaN NaN NaN NaN NaN NaN NaN NaN NaN NaN NaN NaN NaN NaN NaN NaN NaN NaN NaN NaN NaN NaN NaN NaN NaN NaN NaN NaN NaN NaN NaN NaN NaN NaN NaN NaN NaN NaN NaN NaN NaN NaN NaN NaN NaN NaN NaN NaN NaN NaN NaN NaN 
NaN NaN NaN NaN NaN NaN NaN NaN NaN NaN NaN NaN NaN NaN NaN NaN NaN NaN NaN NaN NaN NaN NaN NaN NaN NaN NaN NaN NaN NaN NaN NaN 1.0 0.92038566 0.4277256 -0.04808115 -0.5513691 -0.4982465 -0.6440756 -0.5351937 -0.14096135 -0.110872395 -0.41022584 0.40535495 -0.6834209 -0.338655 -0.26758146 -0.5466536 -0.6465018 -0.65913105 -0.117153674 -0.1955952 0.20682068 -0.21754603 -0.5066667 -0.5162456 -0.33677754 -0.09207586 -0.3388226 -0.4881742 -0.15290697 -0.3651185 -0.51719606 -0.7249062 -0.66687673 -0.3303834 -0.39518932 -0.027538694 0.009144798 0.32550877 0.25512114 -0.6954095 -0.5051131 -0.61680806 -0.63723826 -0.512736 -0.13992856 0.11906026 0.020619912 0.08338827 0.19584699 0.1491716 0.16508755 0.0052858335 -0.29960775 -0.28129715 -0.5170622 -0.57142997 -0.6833276 -0.5854009 -0.694104 -0.6821971 -0.645116 -0.7737979 -0.48662618 -0.021975415 0.17142338 0.16459307 0.19087014 0.14908108 -0.6556809 -0.7140635 -0.23942113 
NaN NaN NaN NaN NaN NaN NaN NaN NaN NaN NaN NaN NaN NaN NaN NaN NaN NaN NaN NaN NaN NaN NaN NaN NaN NaN NaN NaN NaN NaN NaN NaN 0.92038566 1.0 0.72937447 0.25256473 -0.3581027 -0.37997416 -0.59508854 -0.56059235 -0.31900805 -0.2947658 -0.50115746 0.107035525 -0.6408164 -0.110856995 -0.03894969 -0.35844868 -0.60820705 -0.5875269 0.13585176 0.0707362 0.4928687 0.080581106 -0.44367778 -0.4801105 -0.41225702 -0.2972373 -0.48082116 -0.6049721 -0.3365334 -0.49820706 -0.601155 -0.7165518 -0.4935369 -0.14202517 -0.18715157 0.22688152 0.25921562 0.5442914 0.4961376 -0.48997784 -0.5954092 -0.68572587 -0.6075776 -0.61398417 -0.31838757 -0.11355628 -0.19165945 -0.12942863 -0.02444328 -0.067077495 -0.06011489 -0.19711402 -0.44441333 -0.4325333 -0.61173487 -0.4307873 -0.5693513 -0.66087115 -0.67466384 -0.7222416 -0.7013508 -0.69759 -0.27125412 0.21507227 0.3814986 0.37112862 0.38534603 0.369309 -0.4545771 -0.7269995 -0.46500415 
NaN NaN NaN NaN NaN NaN NaN NaN NaN NaN NaN NaN NaN NaN NaN NaN NaN NaN NaN NaN NaN NaN NaN NaN NaN NaN NaN NaN NaN NaN NaN NaN 0.4277256 0.72937447 1.0 0.7827203 0.14600551 0.0054257438 -0.31357208 -0.44156882 -0.57756674 -0.5736928 -0.53551835 -0.5028813 -0.35770333 0.43093473 0.48517144 0.15940051 -0.35852098 -0.2930036 0.5759999 0.5654051 0.8322003 0.6041609 -0.16599488 -0.23655955 -0.4105335 -0.6097118 -0.617535 -0.6641707 -0.6174081 -0.62762 -0.60349673 -0.51191187 0.008388768 0.3178392 0.29354447 0.62648624 0.6270341 0.7206339 0.7522116 0.07961377 -0.6215456 -0.63043773 -0.3346887 -0.6369626 -0.60085946 -0.5451638 -0.5631792 -0.51902425 -0.43433964 -0.47686276 -0.49255475 -0.5548783 -0.6021685 -0.5946815 -0.6263599 0.065094516 -0.075453214 -0.55175513 -0.36016524 -0.56370544 -0.5924552 -0.30681178 0.25433624 0.63453525 0.666295 0.6539221 0.64800346 0.6769043 0.105561085 -0.54353565 -0.74965733 
NaN NaN NaN NaN NaN NaN NaN NaN NaN NaN NaN NaN NaN NaN NaN NaN NaN NaN NaN NaN NaN NaN NaN NaN NaN NaN NaN NaN NaN NaN NaN NaN -0.04808115 0.25256473 0.7827203 1.0 0.5566229 0.39839426 -0.0071977237 -0.24845357 -0.584255 -0.6021187 -0.43959066 -0.71898156 -0.047941163 0.7595815 0.7853883 0.5280352 -0.069601744 -0.015738761 0.6894876 0.7149291 0.70286447 0.7336273 0.07127763 0.007915963 -0.28985044 -0.68174034 -0.58764094 -0.5917959 -0.6919277 -0.6136566 -0.5188726 -0.29987934 0.3705155 0.5953689 0.5808289 0.6463108 0.6370894 0.52676404 0.62733364 0.47079906 -0.5083771 -0.48515338 -0.06215226 -0.52990353 -0.68142194 -0.70467746 -0.68199575 -0.65598273 -0.5735688 -0.6307601 -0.6628026 -0.6898945 -0.6168332 -0.59720194 -0.5341127 0.426951 0.32229894 -0.3307608 -0.05601727 -0.36898133 -0.4233564 0.005409994 0.51145476 0.7004868 0.58552057 0.59990126 0.58309174 0.6132081 0.45628464 -0.34740415 -0.7656378 
NaN NaN NaN NaN NaN NaN NaN NaN NaN NaN NaN NaN NaN NaN NaN NaN NaN NaN NaN NaN NaN NaN NaN NaN NaN NaN NaN NaN NaN NaN NaN NaN -0.5513691 -0.3581027 0.14600551 0.5566229 1.0 0.8553791 0.680735 0.43100873 0.008550952 -0.038900286 0.19125877 -0.42125478 0.6723905 0.53443074 0.49322736 0.7097446 0.7062974 0.7320679 0.39936396 0.42371523 0.15305652 0.547805 0.47072253 0.43431407 0.1662326 -0.1582092 0.047669668 0.025127012 -0.21606298 -0.075008236 0.06915361 0.4297355 0.5845124 0.30628747 0.40976322 0.16060838 0.17276831 -0.05131295 0.034752663 0.6973739 0.25005025 0.21036799 0.16534589 0.025614081 -0.27592334 -0.44537455 -0.41818386 -0.4334874 -0.52227604 -0.4592154 -0.46620697 -0.38207814 -0.27974343 -0.29145208 0.031114275 0.21589169 0.28872275 0.043958392 0.104698 0.1159579 0.13399976 0.34034017 0.43001816 0.12521005 -0.0252277 0.015458938 -0.027029183 0.008709887 0.5290564 0.21425162 -0.34809864 
NaN NaN NaN NaN NaN NaN NaN NaN NaN NaN NaN NaN NaN NaN NaN NaN NaN NaN NaN NaN NaN NaN NaN NaN NaN NaN NaN NaN NaN NaN NaN NaN -0.4982465 -0.37997416 0.0054257438 0.39839426 0.8553791 1.0 0.72218406 0.532275 0.20053142 0.12831935 0.32505286 -0.2538443 0.6642739 0.42411608 0.3906295 0.6499292 0.6677867 0.65624905 0.20424388 0.2053561 -0.046941064 0.33267415 0.4701328 0.49087858 0.25862744 -0.021509105 0.17380714 0.1975911 -0.044703376 0.1124236 0.28491205 0.47517854 0.4597914 0.17187373 0.24833797 -0.032069426 -0.019321391 -0.21164024 -0.1418743 0.535444 0.31229588 0.33076435 0.32487103 0.21226303 -0.12604883 -0.27748382 -0.22654727 -0.25644606 -0.32410502 -0.31479272 -0.34922624 -0.26099426 -0.11224078 -0.102918714 0.09648859 0.18517126 0.25609434 0.12598278 0.21246797 0.16730872 0.16520897 0.2844079 0.22551405 -0.09669256 -0.22414489 -0.19311492 -0.22431642 -0.20076075 0.31856447 0.20685287 -0.21027026 
NaN NaN NaN NaN NaN NaN NaN NaN NaN NaN NaN NaN NaN NaN NaN NaN NaN NaN NaN NaN NaN NaN NaN NaN NaN NaN NaN NaN NaN NaN NaN NaN -0.6440756 -0.59508854 -0.31357208 -0.0071977237 0.680735 0.72218406 1.0 0.93645716 0.6214254 0.5597649 0.76950276 -0.022996448 0.93156224 0.20913759 0.12568367 0.5238165 0.82735145 0.7560823 -0.092901684 -0.070032895 -0.32255954 0.05022102 0.5112137 0.53749263 0.41412055 0.33054283 0.5321611 0.65002954 0.38233042 0.5604939 0.6784374 0.6984839 0.24431494 -0.14911096 -0.068861544 -0.3137195 -0.3303797 -0.44138065 -0.40485743 0.34091306 0.57477236 0.67381614 0.4813454 0.56577766 0.28390142 0.06607651 0.1480472 0.06982539 -0.06452505 -0.013040142 -0.025792642 0.12257043 0.3166655 0.310193 0.45044196 0.053173434 0.17987527 0.32709062 0.3402855 0.4449746 0.45491076 0.3664015 -0.016129812 -0.39788857 -0.44425565 -0.4416091 -0.46787432 -0.43774116 0.12884358 0.48215288 0.12933218 
NaN NaN NaN NaN NaN NaN NaN NaN NaN NaN NaN NaN NaN NaN NaN NaN NaN NaN NaN NaN NaN NaN NaN NaN NaN NaN NaN NaN NaN NaN NaN NaN -0.5351937 -0.56059235 -0.44156882 -0.24845357 0.43100873 0.532275 0.93645716 1.0 0.8099644 0.7571037 0.90398926 0.20174544 0.8894838 0.03450263 -0.047357053 0.36033556 0.7446791 0.64526653 -0.27034277 -0.2575676 -0.45483896 -0.16572377 0.4267475 0.48071706 0.4264315 0.47283548 0.63646257 0.79149115 0.6043007 0.75534123 0.80927604 0.6817012 0.037155077 -0.3368492 -0.27644125 -0.47250563 -0.4893709 -0.523309 -0.51243186 0.109667964 0.590255 0.7261806 0.47031504 0.683801 0.47770062 0.27830943 0.35915515 0.2722812 0.13059647 0.17853333 0.16536483 0.31496394 0.4640757 0.46252185 0.5233596 -0.0818125 0.056673717 0.36067075 0.324144 0.46229938 0.46623358 0.24191175 -0.2369535 -0.5656539 -0.55073535 -0.56051284 -0.5759687 -0.555842 -0.1016551 0.4638054 0.28310725 
NaN NaN NaN NaN NaN NaN NaN NaN NaN NaN NaN NaN NaN NaN NaN NaN NaN NaN NaN NaN NaN NaN NaN NaN NaN NaN NaN NaN NaN NaN NaN NaN -0.14096135 -0.31900805 -0.57756674 -0.584255 0.008550952 0.20053142 0.6214254 0.8099644 1.0 0.97181 0.91710335 0.6329263 0.5941797 -0.3737991 -0.43141958 -0.08337731 0.4464657 0.32745877 -0.5783233 -0.59607655 -0.6513434 -0.55028814 0.10138823 0.18109134 0.31871322 0.6219509 0.66146165 0.79934543 0.8356552 0.84843874 0.75270116 0.43550244 -0.3802851 -0.65418786 -0.6309225 -0.71726984 -0.72536427 -0.62247413 -0.6592869 -0.35787958 0.5010649 0.5930647 0.18180671 0.64080656 0.73820245 0.66599745 0.69218314 0.59958506 0.46106687 0.52753174 0.5423332 0.6563924 0.6042317 0.5910355 0.49683538 -0.45161182 -0.32874602 0.2234551 0.036790196 0.307396 0.32840452 -0.102451205 -0.61063695 -0.78548104 -0.66008264 -0.67100555 -0.6673719 -0.68558246 -0.5254428 0.2842831 0.4674055 
NaN NaN NaN NaN NaN NaN NaN NaN NaN NaN NaN NaN NaN NaN NaN NaN NaN NaN NaN NaN NaN NaN NaN NaN NaN NaN NaN NaN NaN NaN NaN NaN -0.110872395 -0.2947658 -0.5736928 -0.6021187 -0.038900286 0.12831935 0.5597649 0.7571037 0.97181 1.0 0.91935617 0.6588509 0.5598586 -0.39978522 -0.4612068 -0.13386674 0.4048527 0.29777703 -0.58436435 -0.6021164 -0.6446358 -0.56401974 0.07055639 0.14342071 0.30031183 0.6252621 0.6481656 0.7872362 0.8451489 0.83653814 0.7180847 0.39049372 -0.430149 -0.6819431 -0.65938276 -0.7256724 -0.7321297 -0.61225474 -0.6482627 -0.38396263 0.49108493 0.5686551 0.12702702 0.61419284 0.7697811 0.7047911 0.72840023 0.64216214 0.50285494 0.5903766 0.6153255 0.7119197 0.6107031 0.5799325 0.48658514 -0.49045554 -0.36981606 0.20360817 0.007345469 0.30019936 0.3242499 -0.13105528 -0.62376106 -0.7758625 -0.643044 -0.6558516 -0.64963627 -0.6662594 -0.53535473 0.2760657 0.47977954 
NaN NaN NaN NaN NaN NaN NaN NaN NaN NaN NaN NaN NaN NaN NaN NaN NaN NaN NaN NaN NaN NaN NaN NaN NaN NaN NaN NaN NaN NaN NaN NaN -0.41022584 -0.50115746 -0.53551835 -0.43959066 0.19125877 0.32505286 0.76950276 0.90398926 0.91710335 0.91935617 1.0 0.4332077 0.77332026 -0.14789104 -0.23003772 0.15305759 0.598069 0.50329757 -0.40459526 -0.4028834 -0.54944986 -0.34721923 0.27346316 0.3353689 0.36873928 0.5598498 0.674526 0.85635257 0.76847863 0.8526269 0.82159084 0.5707298 -0.18436816 -0.50420856 -0.46133325 -0.6020231 -0.6194064 -0.5885386 -0.5937671 -0.11110902 0.5561235 0.68752354 0.35453272 0.6880317 0.68172294 0.53572744 0.6055529 0.499936 0.3531426 0.4172417 0.4195083 0.56201595 0.617922 0.59347683 0.5602158 -0.24439465 -0.09223668 0.35043576 0.2348336 0.45695898 0.45757803 0.1204366 -0.39012203 -0.66040915 -0.5995307 -0.6159126 -0.6203877 -0.6123694 -0.27133906 0.4476723 0.421104 
NaN NaN NaN NaN NaN NaN NaN NaN NaN NaN NaN NaN NaN NaN NaN NaN NaN NaN NaN NaN NaN NaN NaN NaN NaN NaN NaN NaN NaN NaN NaN NaN 0.40535495 0.107035525 -0.5028813 -0.71898156 -0.42125478 -0.2538443 -0.022996448 0.20174544 0.6329263 0.6588509 0.4332077 1.0 0.014042569 -0.61088866 -0.62382597 -0.4620049 -0.004583019 -0.074967474 -0.59901655 -0.6745758 -0.5964802 -0.6921478 -0.18463556 -0.1268359 0.13243708 0.55841804 0.39352193 0.34131253 0.57064134 0.41321945 0.26168483 -0.032421432 -0.63909113 -0.72360706 -0.7256285 -0.7132363 -0.6937293 -0.4874044 -0.55812114 -0.6579213 0.21733992 0.14832376 -0.2311802 0.2200497 0.5061675 0.631459 0.5787873 0.5712819 0.5521925 0.5710006 0.604489 0.56028724 0.324053 0.33366722 0.17692032 -0.68030405 -0.61647797 -0.026584148 -0.311467 -0.038372867 0.023882357 -0.39826518 -0.7301929 -0.71476763 -0.540658 -0.5320665 -0.50918174 -0.56456435 -0.68593746 -0.05999865 0.4450173 
NaN NaN NaN NaN NaN NaN NaN NaN NaN NaN NaN NaN NaN NaN NaN NaN NaN NaN NaN NaN NaN NaN NaN NaN NaN NaN NaN NaN NaN NaN NaN NaN -0.6834209 -0.6408164 -0.35770333 -0.047941163 0.6723905 0.6642739 0.93156224 0.8894838 0.5941797 0.5598586 0.77332026 0.014042569 1.0 0.24949937 0.15967633 0.5765591 0.9084596 0.86798155 0.009797888 0.03288647 -0.27767947 0.13643454 0.53774357 0.5601847 0.4054117 0.33765182 0.5264866 0.63691324 0.40229332 0.547362 0.6204684 0.71280044 0.2707957 -0.16511533 -0.07700078 -0.34684607 -0.35491103 -0.47791865 -0.42829785 0.38765642 0.59007317 0.6563822 0.38347006 0.5341223 0.29418197 0.06877629 0.13954058 0.07601308 -0.078888886 0.0067582764 -0.0040705055 0.1327653 0.27033982 0.23794709 0.47934276 0.0025387355 0.166096 0.34386674 0.29356796 0.45732427 0.47404674 0.36685294 0.034246046 -0.3903158 -0.45055434 -0.44516712 -0.47189108 -0.43867806 0.18824276 0.53032845 0.15352628 
NaN NaN NaN NaN NaN NaN NaN NaN NaN NaN NaN NaN NaN NaN NaN NaN NaN NaN NaN NaN NaN NaN NaN NaN NaN NaN NaN NaN NaN NaN NaN NaN -0.338655 -0.110856995 0.43093473 0.7595815 0.53443074 0.42411608 0.20913759 0.03450263 -0.3737991 -0.39978522 -0.14789104 -0.61088866 0.24949937 1.0 0.9780674 0.85168624 0.21541727 0.22076629 0.8150535 0.835095 0.62423515 0.7946276 0.3457611 0.29917493 -0.14187932 -0.5309819 -0.42115125 -0.34128475 -0.53604597 -0.391272 -0.25768638 -0.13829163 0.38977534 0.55495733 0.5194796 0.49320826 0.46361077 0.30300504 0.4086648 0.47273603 -0.4463559 -0.3141248 0.19553474 -0.31677425 -0.6021043 -0.6765354 -0.589479 -0.57202655 -0.47855967 -0.5999785 -0.6587113 -0.68419147 -0.49679217 -0.45173976 -0.44226712 0.5021605 0.48566958 -0.16204889 0.17408292 -0.23826024 -0.31653717 0.08786755 0.43511617 0.5509185 0.4222473 0.43555313 0.40929043 0.4498959 0.48994452 -0.22129601 -0.65065736 
NaN NaN NaN NaN NaN NaN NaN NaN NaN NaN NaN NaN NaN NaN NaN NaN NaN NaN NaN NaN NaN NaN NaN NaN NaN NaN NaN NaN NaN NaN NaN NaN -0.26758146 -0.03894969 0.48517144 0.7853883 0.49322736 0.3906295 0.12568367 -0.047357053 -0.43141958 -0.4612068 -0.23003772 -0.62382597 0.15967633 0.9780674 1.0 0.8342384 0.1612019 0.16784106 0.8529158 0.86953807 0.6802626 0.82498837 0.30781233 0.24745849 -0.197693 -0.5890439 -0.4915429 -0.42102414 -0.58686477 -0.45556232 -0.32877094 -0.2092084 0.37144175 0.57790077 0.5338635 0.5322608 0.51110476 0.36613998 0.47117755 0.45624915 -0.51465267 -0.38711345 0.16079587 -0.37982026 -0.65431774 -0.7116428 -0.6397706 -0.6218474 -0.51823604 -0.64128876 -0.686124 -0.7130671 -0.54526037 -0.49721095 -0.49516943 0.50252 0.475025 -0.20864566 0.123036236 -0.2949367 -0.3723664 0.057662446 0.4525077 0.59244853 0.45134744 0.46141997 0.43347365 0.47218716 0.47893664 -0.27174917 -0.67615765 
NaN NaN NaN NaN NaN NaN NaN NaN NaN NaN NaN NaN NaN NaN NaN NaN NaN NaN NaN NaN NaN NaN NaN NaN NaN NaN NaN NaN NaN NaN NaN NaN -0.5466536 -0.35844868 0.15940051 0.5280352 0.7097446 0.6499292 0.5238165 0.36033556 -0.08337731 -0.13386674 0.15305759 -0.4620049 0.5765591 0.85168624 0.8342384 1.0 0.6334202 0.6114057 0.6885703 0.70759815 0.38131195 0.730903 0.5370309 0.5132803 0.058330406 -0.29662934 -0.12735896 -0.017287346 -0.28027728 -0.095453665 0.06840708 0.23592752 0.48332715 0.38289988 0.4061357 0.23522532 0.23044892 0.023750162 0.117792256 0.5647644 -0.08338429 0.050467066 0.36498415 -0.0053130114 -0.3922654 -0.53933984 -0.44902554 -0.46513438 -0.46565965 -0.5287867 -0.57518494 -0.51780164 -0.2981141 -0.26778492 -0.15244944 0.3919383 0.466954 0.044828385 0.27520055 0.010306135 -0.042984225 0.25232577 0.3746996 0.22064924 0.07369674 0.10418343 0.06113265 0.107149445 0.52402234 0.092166185 -0.40559325 
NaN NaN NaN NaN NaN NaN NaN NaN NaN NaN NaN NaN NaN NaN NaN NaN NaN NaN NaN NaN NaN NaN NaN NaN NaN NaN NaN NaN NaN NaN NaN NaN -0.6465018 -0.60820705 -0.35852098 -0.069601744 0.7062974 0.6677867 0.82735145 0.7446791 0.4464657 0.4048527 0.598069 -0.004583019 0.9084596 0.21541727 0.1612019 0.6334202 1.0 0.9687957 0.13249509 0.14220892 -0.20554416 0.2532206 0.53253984 0.52182573 0.32951024 0.273545 0.44514585 0.5123326 0.28020197 0.40996897 0.5050794 0.7253903 0.36247057 -0.1431609 -0.027901065 -0.3307634 -0.31342465 -0.4686326 -0.4190234 0.4705022 0.6043839 0.61651534 0.30432743 0.4540829 0.17777784 -0.03331906 0.006543907 -0.039096612 -0.21122144 -0.103661224 -0.095613435 0.04332639 0.15515026 0.1224073 0.4235167 -0.037008706 0.13619654 0.31034067 0.21662828 0.40778494 0.44863546 0.39974022 0.12287452 -0.36486495 -0.44093868 -0.41361386 -0.4553314 -0.42436042 0.30547288 0.5491838 0.16560298 
NaN NaN NaN NaN NaN NaN NaN NaN NaN NaN NaN NaN NaN NaN NaN NaN NaN NaN NaN NaN NaN NaN NaN NaN NaN NaN NaN NaN NaN NaN NaN NaN -0.65913105 -0.5875269 -0.2930036 -0.015738761 0.7320679 0.65624905 0.7560823 0.64526653 0.32745877 0.29777703 0.50329757 -0.074967474 0.86798155 0.22076629 0.16784106 0.6114057 0.9687957 1.0 0.1980212 0.20801717 -0.13477984 0.3326474 0.54368913 0.517965 0.32958972 0.23783602 0.40388367 0.43504682 0.19610912 0.3153665 0.42421794 0.71788543 0.4355031 -0.066538036 0.056388278 -0.23326392 -0.21780618 -0.39496577 -0.34329817 0.55010575 0.61336476 0.5792697 0.2414731 0.38484177 0.11160676 -0.10435817 -0.07994095 -0.11445727 -0.29046267 -0.15807998 -0.14916103 -0.013364202 0.095005125 0.049401626 0.41807732 -0.02673993 0.14174312 0.2859031 0.18515763 0.4180702 0.46673787 0.44517055 0.2245639 -0.2723955 -0.3660475 -0.3353163 -0.380433 -0.3428645 0.4106972 0.5802769 0.14394327 
NaN NaN NaN NaN NaN NaN NaN NaN NaN NaN NaN NaN NaN NaN NaN NaN NaN NaN NaN NaN NaN NaN NaN NaN NaN NaN NaN NaN NaN NaN NaN NaN -0.117153674 0.13585176 0.5759999 0.6894876 0.39936396 0.20424388 -0.092901684 -0.27034277 -0.5783233 -0.58436435 -0.40459526 -0.59901655 0.009797888 0.8150535 0.8529158 0.6885703 0.13249509 0.1980212 1.0 0.98423505 0.8701994 0.9557431 0.22982495 0.12914893 -0.28541997 -0.6009951 -0.54573244 -0.5403044 -0.6450627 -0.5765123 -0.48659799 -0.26167408 0.3208219 0.47912347 0.46026596 0.5549191 0.5548504 0.45950133 0.54497343 0.4272612 -0.4974951 -0.46687752 -0.09408688 -0.5100267 -0.6745214 -0.7077102 -0.6867129 -0.6421366 -0.57183063 -0.634548 -0.6546258 -0.6909855 -0.60966593 -0.5906765 -0.5152864 0.31080782 0.27718338 -0.3332732 -0.10291381 -0.3615213 -0.40914288 8.3597086E-5 0.48229274 0.62911004 0.53957146 0.56672055 0.52327585 0.57122076 0.4990918 -0.27561826 -0.6651696 
NaN NaN NaN NaN NaN NaN NaN NaN NaN NaN NaN NaN NaN NaN NaN NaN NaN NaN NaN NaN NaN NaN NaN NaN NaN NaN NaN NaN NaN NaN NaN NaN -0.1955952 0.0707362 0.5654051 0.7149291 0.42371523 0.2053561 -0.070032895 -0.2575676 -0.59607655 -0.6021164 -0.4028834 -0.6745758 0.03288647 0.835095 0.86953807 0.70759815 0.14220892 0.20801717 0.98423505 1.0 0.8599875 0.96345335 0.2285465 0.12329372 -0.29117677 -0.6275891 -0.54824144 -0.5246219 -0.65102637 -0.5651728 -0.46810114 -0.22089545 0.39434388 0.55399483 0.5370459 0.61329067 0.6072274 0.47967437 0.56929785 0.48986498 -0.47875845 -0.43406132 -0.057313237 -0.49367163 -0.67493594 -0.7273883 -0.7030616 -0.6659153 -0.60812825 -0.6579397 -0.6761336 -0.6936369 -0.59216475 -0.57696724 -0.48496896 0.37730932 0.34218797 -0.29403308 -0.04497044 -0.31371588 -0.3651978 0.06865698 0.5525129 0.68285835 0.5715519 0.5936277 0.5504949 0.6006384 0.5668021 -0.2247044 -0.65495974 
NaN NaN NaN NaN NaN NaN NaN NaN NaN NaN NaN NaN NaN NaN NaN NaN NaN NaN NaN NaN NaN NaN NaN NaN NaN NaN NaN NaN NaN NaN NaN NaN 0.20682068 0.4928687 0.8322003 0.70286447 0.15305652 -0.046941064 -0.32255954 -0.45483896 -0.6513434 -0.6446358 -0.54944986 -0.5964802 -0.27767947 0.62423515 0.6802626 0.38131195 -0.20554416 -0.13477984 0.8701994 0.8599875 1.0 0.8532185 -0.022071466 -0.13519523 -0.43967035 -0.6632465 -0.66069096 -0.6714989 -0.6736605 -0.6583882 -0.61822647 -0.47957218 0.1153517 0.412332 0.37773594 0.67575145 0.67597723 0.70799357 0.75068617 0.2029127 -0.65164626 -0.6324104 -0.2853137 -0.6505308 -0.6746236 -0.649744 -0.65754294 -0.60789376 -0.5249083 -0.57471836 -0.5863622 -0.64321584 -0.6382063 -0.6313039 -0.63377607 0.16840768 0.072126105 -0.5174302 -0.28650162 -0.52807856 -0.56790864 -0.2074519 0.38017604 0.73456573 0.7327865 0.734682 0.70907295 0.74946344 0.2917112 -0.46637654 -0.74588835 
NaN NaN NaN NaN NaN NaN NaN NaN NaN NaN NaN NaN NaN NaN NaN NaN NaN NaN NaN NaN NaN NaN NaN NaN NaN NaN NaN NaN NaN NaN NaN NaN -0.21754603 0.080581106 0.6041609 0.7336273 0.547805 0.33267415 0.05022102 -0.16572377 -0.55028814 -0.56401974 -0.34721923 -0.6921478 0.13643454 0.7946276 0.82498837 0.730903 0.2532206 0.3326474 0.9557431 0.96345335 0.8532185 1.0 0.29688725 0.19552879 -0.226065 -0.57911766 -0.47258544 -0.47343758 -0.6326365 -0.5343793 -0.412488 -0.11253367 0.44406882 0.51820344 0.53408957 0.5957297 0.6064505 0.48609555 0.56710124 0.5612339 -0.363855 -0.34444687 -0.04808434 -0.4410957 -0.6542461 -0.73765755 -0.71610343 -0.6852791 -0.66095483 -0.6800506 -0.6984573 -0.6926743 -0.5846578 -0.58621573 -0.42442554 0.31882578 0.29373625 -0.29136303 -0.068621196 -0.2717878 -0.30140564 0.11284294 0.57815576 0.624303 0.50446707 0.5259603 0.47877067 0.537391 0.5794741 -0.15647693 -0.65826285 
NaN NaN NaN NaN NaN NaN NaN NaN NaN NaN NaN NaN NaN NaN NaN NaN NaN NaN NaN NaN NaN NaN NaN NaN NaN NaN NaN NaN NaN NaN NaN NaN -0.5066667 -0.44367778 -0.16599488 0.07127763 0.47072253 0.4701328 0.5112137 0.4267475 0.10138823 0.07055639 0.27346316 -0.18463556 0.53774357 0.3457611 0.30781233 0.5370309 0.53253984 0.54368913 0.22982495 0.2285465 -0.022071466 0.29688725 1.0 0.8327445 0.55420244 0.3201809 0.48033282 0.2771774 -0.06719315 0.0931103 0.27331743 0.39304176 0.27994007 0.05114496 0.10094351 -0.09572116 -0.10290701 -0.22499853 -0.18200825 0.3786367 0.28282943 0.31619862 0.36978298 0.25638485 -0.06630553 -0.21398333 -0.14676666 -0.1780293 -0.19576095 -0.2239135 -0.24644066 -0.19388355 0.01074048 0.040841136 0.20728198 0.2092874 0.3166237 0.27327114 0.3534963 0.30027598 0.29393655 0.37092438 0.16712706 -0.12091306 -0.21438523 -0.19573805 -0.2276781 -0.1875033 0.30421975 0.29106686 -0.032583743 
NaN NaN NaN NaN NaN NaN NaN NaN NaN NaN NaN NaN NaN NaN NaN NaN NaN NaN NaN NaN NaN NaN NaN NaN NaN NaN NaN NaN NaN NaN NaN NaN -0.5162456 -0.4801105 -0.23655955 0.007915963 0.43431407 0.49087858 0.53749263 0.48071706 0.18109134 0.14342071 0.3353689 -0.1268359 0.5601847 0.29917493 0.24745849 0.5132803 0.52182573 0.517965 0.12914893 0.12329372 -0.13519523 0.19552879 0.8327445 1.0 0.78103393 0.3430223 0.4957743 0.3667669 0.03471609 0.20840959 0.3968493 0.47185043 0.2964434 0.041952524 0.08986698 -0.14938721 -0.15423484 -0.2867402 -0.25422314 0.3468786 0.32230213 0.37985548 0.46061 0.3564101 0.010827885 -0.13549003 -0.066203654 -0.10273785 -0.12820092 -0.1785687 -0.20682779 -0.15472056 0.07317849 0.09976644 0.23176874 0.22703995 0.32689765 0.33127382 0.42282486 0.33698446 0.3239679 0.3726045 0.09409431 -0.21986742 -0.31193978 -0.29254252 -0.32402623 -0.284197 0.25262707 0.31378573 0.026752954 
NaN NaN NaN NaN NaN NaN NaN NaN NaN NaN NaN NaN NaN NaN NaN NaN NaN NaN NaN NaN NaN NaN NaN NaN NaN NaN NaN NaN NaN NaN NaN NaN -0.33677754 -0.41225702 -0.4105335 -0.28985044 0.1662326 0.25862744 0.41412055 0.4264315 0.31871322 0.30031183 0.36873928 0.13243708 0.4054117 -0.14187932 -0.197693 0.058330406 0.32951024 0.32958972 -0.28541997 -0.29117677 -0.43967035 -0.226065 0.55420244 0.78103393 1.0 0.6504118 0.6905939 0.49337852 0.21180427 0.3106873 0.43008092 0.45757583 0.08853898 -0.18347496 -0.13847227 -0.3523064 -0.355763 -0.41005623 -0.41422224 0.11957945 0.48858836 0.45331085 0.30889615 0.43938205 0.25812784 0.17770234 0.19116963 0.15801114 0.11395005 0.11896811 0.12505949 0.1590409 0.28048268 0.28782448 0.41148967 0.0077210185 0.10976152 0.38474178 0.32198295 0.41523847 0.4451198 0.31845754 -0.09242502 -0.40731692 -0.437498 -0.43000978 -0.44294155 -0.4245523 0.017229052 0.3664026 0.2982767 
NaN NaN NaN NaN NaN NaN NaN NaN NaN NaN NaN NaN NaN NaN NaN NaN NaN NaN NaN NaN NaN NaN NaN NaN NaN NaN NaN NaN NaN NaN NaN NaN -0.09207586 -0.2972373 -0.6097118 -0.68174034 -0.1582092 -0.021509105 0.33054283 0.47283548 0.6219509 0.6252621 0.5598498 0.55841804 0.33765182 -0.5309819 -0.5890439 -0.29662934 0.273545 0.23783602 -0.6009951 -0.6275891 -0.6632465 -0.57911766 0.3201809 0.3430223 0.6504118 1.0 0.93251127 0.71308 0.5722762 0.561807 0.54657334 0.43391344 -0.27814922 -0.59039485 -0.54743755 -0.67710394 -0.6700063 -0.5899771 -0.63628614 -0.2615008 0.6184157 0.54405123 0.11100044 0.5622542 0.6241016 0.59959936 0.57854813 0.5372874 0.44093737 0.51647305 0.540978 0.5627921 0.5336486 0.5049095 0.55684006 -0.38392872 -0.26786795 0.35934275 0.08616695 0.39558914 0.44062248 0.05818953 -0.46528348 -0.72876155 -0.64242035 -0.64850736 -0.6392686 -0.6516427 -0.37243506 0.37368205 0.58348525 
NaN NaN NaN NaN NaN NaN NaN NaN NaN NaN NaN NaN NaN NaN NaN NaN NaN NaN NaN NaN NaN NaN NaN NaN NaN NaN NaN NaN NaN NaN NaN NaN -0.3388226 -0.48082116 -0.617535 -0.58764094 0.047669668 0.17380714 0.5321611 0.63646257 0.66146165 0.6481656 0.674526 0.39352193 0.5264866 -0.42115125 -0.4915429 -0.12735896 0.44514585 0.40388367 -0.54573244 -0.54824144 -0.66069096 -0.47258544 0.48033282 0.4957743 0.6905939 0.93251127 1.0 0.8274317 0.60533124 0.67497325 0.708707 0.65820086 -0.06378843 -0.4742806 -0.40842766 -0.61563736 -0.61494803 -0.6116787 -0.63834643 -0.049496457 0.7237355 0.71058506 0.29105073 0.68979037 0.64057785 0.52945393 0.5384025 0.4679366 0.3303088 0.41928408 0.44049698 0.52729344 0.58747 0.55959904 0.6610164 -0.22252427 -0.102797635 0.4584261 0.2535414 0.54717344 0.5799733 0.25662515 -0.30877528 -0.6956557 -0.6630973 -0.6682534 -0.6686681 -0.6624292 -0.20295073 0.5257453 0.5759001 
NaN NaN NaN NaN NaN NaN NaN NaN NaN NaN NaN NaN NaN NaN NaN NaN NaN NaN NaN NaN NaN NaN NaN NaN NaN NaN NaN NaN NaN NaN NaN NaN -0.4881742 -0.6049721 -0.6641707 -0.5917959 0.025127012 0.1975911 0.65002954 0.79149115 0.79934543 0.7872362 0.85635257 0.34131253 0.63691324 -0.34128475 -0.42102414 -0.017287346 0.5123326 0.43504682 -0.5403044 -0.5246219 -0.6714989 -0.47343758 0.2771774 0.3667669 0.49337852 0.71308 0.8274317 1.0 0.8467639 0.939115 0.92610514 0.7428155 -0.0564052 -0.46588826 -0.41005993 -0.6233594 -0.63656837 -0.64631295 -0.665122 -0.0408337 0.7276211 0.8600187 0.5279186 0.8861023 0.81510663 0.6397669 0.6987639 0.59580094 0.42324987 0.5002481 0.50547546 0.65843904 0.79798234 0.7614015 0.7459493 -0.11047353 -0.0019629078 0.53971225 0.41773868 0.6572669 0.6439762 0.29724225 -0.3434452 -0.7208477 -0.6875337 -0.70382196 -0.7066314 -0.69298965 -0.18277161 0.6471 0.65184903 
NaN NaN NaN NaN NaN NaN NaN NaN NaN NaN NaN NaN NaN NaN NaN NaN NaN NaN NaN NaN NaN NaN NaN NaN NaN NaN NaN NaN NaN NaN NaN NaN -0.15290697 -0.3365334 -0.6174081 -0.6919277 -0.21606298 -0.044703376 0.38233042 0.6043007 0.8356552 0.8451489 0.76847863 0.57064134 0.40229332 -0.53604597 -0.58686477 -0.28027728 0.28020197 0.19610912 -0.6450627 -0.65102637 -0.6736605 -0.6326365 -0.06719315 0.03471609 0.21180427 0.5722762 0.60533124 0.8467639 1.0 0.9353329 0.74726695 0.47805455 -0.3160762 -0.6055376 -0.58097476 -0.67883134 -0.6852516 -0.59248763 -0.63742745 -0.3326781 0.56086373 0.65486944 0.23521428 0.7363307 0.8612106 0.77538514 0.79412246 0.71963257 0.5632727 0.66886973 0.6886424 0.790615 0.7470609 0.6941357 0.61591166 -0.3644713 -0.27771193 0.33625203 0.12379653 0.44843635 0.44329807 -0.017022729 -0.54690367 -0.75678146 -0.6450423 -0.6582236 -0.6473007 -0.6582835 -0.43230587 0.4206713 0.6338716 
